15.73746441
15.41568886
15.28140871
15.27009026
15.00829728
14.93374656
15.02228057
15.16106208
15.11145813
15.08171700
15.00032197
15.02140460
15.04495135
15.03919686
14.97015769
14.97570813
14.88626620
14.95028585
14.94482060
14.92221860
14.92464611
14.94977404
14.91836210
14.91259126
14.91504052
14.93400803
14.95844304
14.98336486
14.99024306
14.98638462
14.98924711
15.01946887
15.00060042
15.01043740
15.00662787
14.97837714
14.98453996
14.99894777
15.00389478
15.00181173
14.97770323
14.98541725
15.00476815
15.02584867
15.01116733
14.99203221
14.99135398
14.98061323
14.95235431
14.95754249
14.96193035
14.96189199
14.96041450
14.95305281
14.96894164
14.94811939
14.95390278
14.94808845
14.96456481
14.94753823
14.93641368
14.93879729
14.93795862
14.95192356
14.96724767
14.96147554
14.96924536
14.96685508
14.96890301
14.96400738
14.97419508
14.99883943
15.01048136
15.01337078
15.01412165
15.01098466
15.00973101
15.01466500
15.01215105
15.01618979
15.01922249
15.01142571
15.00980479
15.00631644
14.99977766
14.99370587
14.98444736
14.98164603
14.98265903
14.98098806
14.97482239
14.97352635
14.97430585
14.97568906
14.97996319
14.98910055
15.00314466
15.00259435
14.99933420
14.99140553
