0.00000000
0.00460195
0.02392069
0.02945007
0.05294549
0.07426723
0.12180513
0.11765626
0.11478233
0.10311655
0.09515838
0.08778389
0.08080736
0.07913867
0.07379033
0.06916915
0.06497517
0.06127066
0.06247529
0.06067618
0.05814929
0.05867416
0.05611712
0.05390001
0.05172746
0.05212312
0.05158927
0.04995636
0.04821127
0.04662253
0.04605356
0.04500914
0.04405084
0.04402459
0.04275458
0.04163056
0.04112983
0.04115682
0.04016048
0.03931180
0.03836124
0.03784908
0.03695890
0.03688822
0.03771496
0.03712969
0.03647790
0.03703209
0.03636679
0.03608724
0.03541100
0.03628078
0.03656135
0.03588998
0.03547509
0.03591849
0.03540138
0.03480674
0.03571479
0.03559176
0.03595701
0.03541385
0.03489155
0.03460972
0.03415623
0.03363967
0.03323703
0.03278796
0.03246092
0.03206452
0.03162054
0.03187667
0.03187930
0.03144568
0.03102725
0.03062573
0.03043972
0.03005309
0.02980319
0.02946012
0.02925554
0.02890075
0.02872842
0.02857515
0.02825448
0.02842987
0.02813673
0.02781570
0.02806513
0.02787713
0.02796748
0.02829003
0.02808624
0.02797344
0.02843593
0.02823153
0.02794127
0.02765509
0.02752553
0.02725513
