5.45187188
5.45647384
5.48024651
5.45613828
5.40835920
5.34797042
5.45235796
5.50446965
5.45539614
5.44575059
5.42689928
5.41424704
5.41118789
5.38538222
5.38124209
5.38571254
5.38623079
5.38741728
5.41074614
5.42373664
5.41663946
5.43584132
5.43342573
5.42912366
5.43083699
5.44655053
5.45862857
5.45370023
5.45280493
5.45073381
5.46008826
5.45396858
5.46008670
5.47066184
5.46992578
5.47251457
5.46528680
5.47483960
5.47242158
5.47605424
5.47480788
5.46923618
5.46904234
5.46150116
5.45044880
5.44620143
5.44293224
5.43312501
5.43579749
5.43008368
5.42843447
5.43895039
5.44732350
5.44639263
5.45054368
5.45929592
5.46219208
5.46098088
5.45072881
5.45653790
5.46476386
5.46647882
5.46471999
5.46901618
5.47139761
5.47082079
5.46820306
5.46651753
5.46338349
5.46125550
5.46042695
5.45379088
5.44849876
5.44858798
5.44906622
5.44830546
5.45191143
5.45130315
5.44849111
5.44712204
5.45019088
5.45068277
5.45387580
5.45717240
5.45617800
5.46151724
5.46293105
5.46310372
5.46870060
5.47134378
5.47604755
5.48197630
5.48436839
5.48113414
5.48765813
5.48995231
5.49031076
5.49016047
5.48727932
5.48786319
