0.00000000
0.32177555
0.22922549
0.16248160
0.29047501
0.24861274
0.22800670
0.24135160
0.21855565
0.19773162
0.19650510
0.18061844
0.16780508
0.15546385
0.16035237
0.15009856
0.16696975
0.16994046
0.16084046
0.15425154
0.14674256
0.14215208
0.13941583
0.13360518
0.12817300
0.12459682
0.12235801
0.12051219
0.11648562
0.11260192
0.10894666
0.10973101
0.10801463
0.10525029
0.10226988
0.10332555
0.10068297
0.09905108
0.09660463
0.09418158
0.09496683
0.09299862
0.09284898
0.09313142
0.09221451
0.09219518
0.09021480
0.08896607
0.09159950
0.08989865
0.08822748
0.08651417
0.08487899
0.08361702
0.08360630
0.08469909
0.08340064
0.08215609
0.08241536
0.08279968
0.08218736
0.08088602
0.07959618
0.07957754
0.07982835
0.07882116
0.07802364
0.07690483
0.07580974
0.07487910
0.07451664
0.07749729
0.07730991
0.07631274
0.07529211
0.07436102
0.07339964
0.07262032
0.07173924
0.07095186
0.07013604
0.06971282
0.06888685
0.06815117
0.06766131
0.06714501
0.06701142
0.06630475
0.06556335
0.06485231
0.06443137
0.06374036
0.06305607
0.06239699
0.06188446
0.06191440
0.06286168
0.06221936
0.06167390
0.06156672
