5.67456012
5.55929117
5.49670698
5.43655613
5.43446380
5.41117467
5.40969859
5.44186995
5.45577902
5.44303250
5.43069116
5.39012792
5.40133534
5.45444719
5.42628047
5.43401332
5.41635103
5.41900812
5.41967369
5.42432048
5.41213575
5.42338820
5.43014854
5.45254268
5.44146914
5.43038026
5.42251730
5.40978459
5.41615752
5.41760213
5.43078424
5.42791124
5.44489867
5.45271860
5.45038774
5.46903134
5.47126765
5.46619601
5.46088231
5.45740122
5.46053085
5.45453284
5.45707966
5.45105381
5.45041460
5.44621626
5.44381204
5.43910671
5.44467840
5.44571660
5.44531580
5.43839289
5.43518116
5.44138621
5.44503363
5.44807460
5.45320740
5.45076687
5.44435269
5.43906146
5.44018977
5.43979057
5.43855330
5.43787274
5.43265150
5.43609127
5.43445411
5.43586559
5.43774899
5.44470777
5.44411304
5.44542195
5.44393963
5.44240837
5.44289953
5.44061937
5.43926580
5.43916875
5.43316740
5.43116047
5.42666800
5.43440735
5.43529085
5.44185250
5.44412408
5.44191269
5.44491946
5.44821039
5.45566685
5.45929029
5.46643885
5.46403435
5.45880882
5.46267905
5.46618481
5.46908472
5.46954829
5.46879976
5.46334010
5.46172320
