0.00000000
0.32132924
0.36199225
0.35075088
0.29184713
0.24144636
0.20465199
0.20827372
0.19045489
0.17169309
0.15531739
0.15468617
0.14438282
0.15666857
0.19960442
0.18687161
0.18428409
0.17586853
0.17274681
0.16393457
0.15684351
0.15341333
0.15181115
0.15161280
0.15130079
0.15138893
0.15087051
0.14921503
0.14423469
0.14053097
0.13737024
0.13301178
0.13122037
0.12775744
0.12468818
0.12147955
0.11817351
0.12150144
0.12128828
0.12229859
0.11927841
0.11715651
0.11593982
0.11462137
0.11206035
0.10976030
0.10790810
0.10767501
0.10549410
0.10336277
0.10251704
0.10309881
0.10138523
0.09967820
0.09791623
0.09621383
0.09451857
0.09440857
0.09280949
0.09135405
0.09010625
0.08961991
0.08836221
0.08712405
0.08586840
0.08483402
0.08356647
0.08236749
0.08123209
0.08006882
0.08084679
0.07976053
0.07921654
0.07868580
0.08104742
0.07997403
0.07895985
0.07910957
0.07811030
0.07717521
0.07622787
0.07536527
0.07451493
0.07362782
0.07321429
0.07235810
0.07158610
0.07083323
0.07062139
0.07114621
0.07036006
0.06988140
0.07050422
0.06976137
0.06970023
0.06901355
0.06953770
0.06914487
0.06965852
0.07019035
