14.75405392
14.43272468
14.74356369
14.98336984
15.08994864
15.05104903
15.06661143
14.95722168
14.90687624
14.88542710
14.88325810
14.82141230
14.84590290
14.92761396
15.06388411
15.07158586
15.01547900
14.98822988
15.03478614
15.03063566
15.04751244
15.01327626
15.05274213
15.00961014
14.96784411
15.01012409
15.04937937
15.01577781
15.00717268
15.02539953
15.04529310
15.04431173
15.01983926
15.00906673
14.99650239
14.98790766
14.99022876
14.95108007
14.97763764
14.94630651
14.94631924
14.93306022
14.91422418
14.93174614
14.92990860
14.92392687
14.93439045
14.95524527
14.95812922
14.95826443
14.94261659
14.91972899
14.92685008
14.93297220
14.93659760
14.93314400
14.93193204
14.91498272
14.91664378
14.91227578
14.90540558
14.91861544
14.91303629
14.91820498
14.91416264
14.90731694
14.90848965
14.91102743
14.91432863
14.91527586
14.93276243
14.93542684
14.92605599
14.93531865
14.95860672
14.95846082
14.95623866
14.94269137
14.94384632
14.94113990
14.93982176
14.94313220
14.94006345
14.94094761
14.94912264
14.94926697
14.95230618
14.94926589
14.94016729
14.92655724
14.92660657
14.92024323
14.93411603
14.93536753
14.92567581
14.92811682
14.91504682
14.92169555
14.90873863
14.89564580
