0.00000000
0.11526896
0.09135512
0.08826666
0.06840307
0.06051201
0.05116328
0.05475634
0.05025376
0.04672072
0.04402564
0.05710158
0.05370817
0.07275545
0.07335488
0.06905156
0.06722440
0.06343544
0.06000761
0.05711755
0.05567923
0.05426748
0.05229320
0.05484701
0.05376023
0.05282807
0.05143836
0.05117649
0.04978980
0.04812321
0.04837563
0.04692753
0.04855204
0.04774711
0.04642140
0.04881404
0.04752906
0.04653856
0.04563994
0.04462031
0.04363079
0.04299968
0.04206495
0.04153722
0.04060872
0.03993739
0.03915231
0.03861570
0.03822764
0.03746967
0.03672981
0.03667585
0.03612027
0.03598410
0.03551159
0.03500403
0.03476544
0.03424784
0.03426801
0.03410499
0.03356021
0.03301689
0.03251214
0.03200734
0.03194071
0.03164057
0.03120771
0.03077773
0.03038682
0.03074739
0.03031707
0.02992167
0.02954615
0.02918434
0.02879678
0.02850668
0.02816657
0.02780329
0.02809749
0.02781654
0.02783589
0.02856285
0.02823045
0.02865376
0.02840563
0.02816035
0.02799671
0.02787171
0.02854775
0.02846037
0.02903950
0.02882260
0.02898591
0.02893588
0.02884352
0.02868842
0.02839491
0.02811364
0.02835873
0.02812023
