3.17460317
3.19042871
3.16413975
3.18249627
3.18471338
3.15893386
3.17011039
3.14960630
3.14891756
3.14341847
3.13222993
3.12856445
3.12453057
3.13945340
3.14053913
3.15232114
3.15508642
3.15651030
3.15221900
3.15581854
3.15759797
3.15865039
3.16259883
3.15789474
3.15806095
3.15342632
3.15651030
3.15581854
3.15581854
3.15105363
3.15020641
3.15135102
3.14829169
3.15124833
3.14589068
3.14788501
3.15396910
3.15696557
3.15757514
3.15675249
3.15414944
3.15581854
3.15364870
3.15129812
3.14850446
3.14866310
3.14565381
3.14406190
3.14417485
3.14688065
3.14729818
3.14258735
3.14353499
3.14273243
3.14409232
3.14496314
3.14526142
3.14480328
3.14624717
3.14681876
3.14869181
3.15060662
3.14881919
3.14776675
3.14294349
3.14229602
3.14157606
3.14241978
3.14288154
3.14580232
3.14725031
3.14676719
3.14578901
3.14533911
3.14762354
3.14936158
3.14831851
3.14801735
3.14772388
3.14596800
3.14761743
3.14756615
3.14878483
3.14945869
3.14960630
3.14874142
3.14768333
3.14664998
3.14689178
3.14685315
3.14620338
3.14489595
3.14375053
3.14243330
3.14166426
3.14142550
3.14030189
3.14127735
3.14123666
3.14039530
