0.00000000
0.01590443
0.02759238
0.02702709
0.02108134
0.03067038
0.02841247
0.03170072
0.02795366
0.02551284
0.02548157
0.02349400
0.02192888
0.02539554
0.02368323
0.02525964
0.02392954
0.02262624
0.02177010
0.02101146
0.02008749
0.01919433
0.01880691
0.01855702
0.01780192
0.01767014
0.01731380
0.01669102
0.01610519
0.01622536
0.01570765
0.01526293
0.01507751
0.01495065
0.01542487
0.01514137
0.01599092
0.01587983
0.01548527
0.01510772
0.01493850
0.01468915
0.01448696
0.01432664
0.01425575
0.01394471
0.01394661
0.01373164
0.01344993
0.01347580
0.01321902
0.01375295
0.01353234
0.01329683
0.01313478
0.01293461
0.01271157
0.01249524
0.01237750
0.01218729
0.01214558
0.01211508
0.01204096
0.01189004
0.01262449
0.01244347
0.01227185
0.01212593
0.01196133
0.01216757
0.01209310
0.01193008
0.01179880
0.01164363
0.01172897
0.01171618
0.01160231
0.01145437
0.01131014
0.01129261
0.01128533
0.01114661
0.01108726
0.01097987
0.01085194
0.01075394
0.01067501
0.01059655
0.01048121
0.01036391
0.01026573
0.01022893
0.01017560
0.01014415
0.01006131
0.00995730
0.00991092
0.00986374
0.00976343
0.00969668
