0.99682692
0.99805649
0.99757641
0.99956562
0.99986651
0.99860618
0.99878294
0.99835069
0.99857804
0.99944951
0.99970790
0.99961388
0.99955355
1.00005868
0.99999556
0.99918675
0.99918087
0.99918903
0.99949048
0.99944536
0.99953092
0.99972005
0.99981990
0.99949406
0.99973218
0.99977659
0.99989178
1.00010549
1.00036577
1.00017510
1.00033117
1.00039104
1.00044326
1.00059613
1.00055575
1.00043041
1.00025566
1.00032810
1.00024032
1.00021590
1.00026271
1.00042642
1.00035389
1.00027909
1.00028089
1.00022446
1.00017411
1.00004537
1.00005294
1.00002439
0.99989454
0.99982453
0.99985271
0.99976379
0.99969168
0.99960487
0.99959884
0.99964538
0.99965529
0.99968579
0.99981162
0.99987480
0.99980561
0.99972966
0.99974714
0.99966380
0.99967136
0.99966621
0.99976998
0.99989775
0.99984641
0.99982710
0.99979223
0.99973205
0.99973591
0.99970029
0.99968968
0.99975737
0.99979810
0.99982850
0.99990041
0.99993891
0.99990609
0.99993734
0.99990609
0.99986899
0.99994640
1.00000442
1.00000010
0.99997224
0.99998786
1.00001069
1.00001017
1.00005754
1.00005504
1.00006111
1.00012935
1.00012045
1.00008387
1.00011735
