0.98897731
0.98859178
0.98785604
0.99210527
0.99470829
0.99660589
0.99219531
0.99201334
0.99377644
0.99793857
0.99953547
0.99921670
0.99849033
0.99894483
0.99894029
0.99565233
0.99601804
0.99591341
0.99510605
0.99555086
0.99589428
0.99556870
0.99663289
0.99744799
0.99728854
0.99869832
0.99895062
0.99918342
0.99926774
0.99944102
0.99997537
1.00009938
1.00012932
1.00012838
0.99919208
0.99910269
0.99900178
0.99874732
0.99898832
0.99884480
0.99832201
0.99789188
0.99759070
0.99768275
0.99805856
0.99793429
0.99790518
0.99758724
0.99776448
0.99711167
0.99712371
0.99725111
0.99746641
0.99726919
0.99741697
0.99745476
0.99686753
0.99637175
0.99627556
0.99630162
0.99612829
0.99569198
0.99559556
0.99565887
0.99558556
0.99547319
0.99526147
0.99577698
0.99595446
0.99600892
0.99601233
0.99672496
0.99684279
0.99681900
0.99678750
0.99700750
0.99693018
0.99670260
0.99668869
0.99639337
0.99653534
0.99702038
0.99706151
0.99735295
0.99758960
0.99762323
0.99741261
0.99729921
0.99737984
0.99733851
0.99718344
0.99741937
0.99732377
0.99738759
0.99755718
0.99755543
0.99728357
0.99758820
0.99724561
0.99732000
