0.00000000
0.00122957
0.00085699
0.00207947
0.00163861
0.00183806
0.00156347
0.00142133
0.00127394
0.00143451
0.00132304
0.00121142
0.00111597
0.00115006
0.00107251
0.00128867
0.00121051
0.00114131
0.00112087
0.00106430
0.00101596
0.00098697
0.00094836
0.00096468
0.00095544
0.00091903
0.00089180
0.00088554
0.00089322
0.00088375
0.00086889
0.00084343
0.00081914
0.00080925
0.00078683
0.00077486
0.00077362
0.00075647
0.00074202
0.00072365
0.00070733
0.00070943
0.00069652
0.00068460
0.00066922
0.00065694
0.00064478
0.00064420
0.00063096
0.00061887
0.00062035
0.00061232
0.00060132
0.00059674
0.00059021
0.00058604
0.00057570
0.00056760
0.00055798
0.00054945
0.00055483
0.00054945
0.00054507
0.00054183
0.00053372
0.00053213
0.00052419
0.00051644
0.00051938
0.00052761
0.00052265
0.00051570
0.00050978
0.00050643
0.00049965
0.00049432
0.00048797
0.00048641
0.00048194
0.00047684
0.00047638
0.00047211
0.00046754
0.00046299
0.00045858
0.00045473
0.00045609
0.00045460
0.00044948
0.00044533
0.00044069
0.00043647
0.00043175
0.00042975
0.00042521
0.00042080
0.00042200
0.00041776
0.00041514
0.00041232
