0.00000000
0.00038554
0.00076867
0.00428386
0.00421741
0.00393174
0.00552223
0.00478585
0.00457417
0.00583625
0.00551533
0.00504486
0.00469710
0.00437236
0.00407045
0.00503072
0.00473967
0.00446982
0.00430442
0.00410769
0.00392226
0.00375387
0.00374148
0.00367376
0.00352735
0.00367050
0.00354094
0.00342007
0.00330111
0.00319388
0.00313501
0.00303799
0.00294464
0.00285672
0.00292766
0.00284658
0.00277041
0.00270850
0.00264912
0.00258603
0.00257578
0.00255024
0.00250837
0.00245243
0.00242659
0.00237650
0.00232557
0.00229870
0.00225827
0.00230693
0.00226128
0.00222102
0.00218933
0.00215743
0.00212299
0.00208508
0.00213069
0.00215154
0.00211694
0.00208152
0.00205444
0.00206759
0.00203679
0.00200571
0.00197598
0.00194905
0.00193138
0.00197136
0.00195067
0.00192337
0.00189609
0.00200079
0.00197670
0.00194995
0.00192404
0.00191125
0.00188785
0.00187734
0.00185347
0.00185383
0.00183630
0.00187750
0.00185520
0.00185600
0.00184924
0.00182792
0.00181903
0.00180181
0.00178327
0.00176383
0.00175122
0.00174807
0.00173182
0.00171448
0.00170479
0.00168694
0.00169145
0.00170160
0.00171881
0.00170316
