0.00000000
0.00393843
0.00557063
0.00683013
0.00799521
0.00791470
0.00878966
0.00970783
0.01063558
0.01248821
0.01244109
0.01312039
0.01416333
0.01404862
0.01349154
0.01355309
0.01396255
0.01426584
0.01615145
0.01615663
0.01567295
0.01640452
0.01712084
0.01777966
0.01764656
0.01792144
0.01830354
0.01917882
0.02010021
0.02005341
0.02054844
0.02088317
0.02129364
0.02180196
0.02257158
0.02327846
0.02263671
0.02292345
0.02315261
0.02353556
0.02411746
0.02367151
0.02426095
0.02461218
0.02571464
0.02675161
0.02685699
0.02757448
0.02857869
0.02741071
0.02729353
0.02795924
0.02911038
0.02824723
0.02841243
0.02892193
0.02941777
0.02869244
0.02856681
0.02874941
0.02884994
0.02859566
0.02908449
0.02989738
0.03041297
0.03030986
0.03115720
0.03084655
0.03096773
0.03099429
0.03154973
0.03183636
0.03199083
0.03191816
0.03353879
0.03290775
0.03277134
0.03336461
0.03388918
0.03334936
0.03345432
0.03418487
0.03459118
0.03463922
0.03570779
0.03534888
0.03568750
0.03468151
0.03455809
0.03507972
0.03476575
0.03478777
0.03462685
0.03476050
0.03400113
0.03342676
0.03343353
0.03338846
0.03375493
0.03391632
