1.00000000
1.41435764
1.73056233
1.99889126
2.24316926
2.45643861
2.65179683
2.83986911
3.01213939
3.17677415
3.31995754
3.47543607
3.61943139
3.76022060
3.89118916
4.01667099
4.14433172
4.27299115
4.38680570
4.49591860
4.60383664
4.71167217
4.80810964
4.90892190
5.01109618
5.10729311
5.19847154
5.28161314
5.36452742
5.45938850
5.54323444
5.62758391
5.71145083
5.80436386
5.89422375
5.97286109
6.05305010
6.14771469
6.23142642
6.32452510
6.39470309
6.46396481
6.55124182
6.62696022
6.71181628
6.78020141
6.85706177
6.92985831
7.00713053
7.07291527
7.14468820
7.21710892
7.29039651
7.35686948
7.41278272
7.47116044
7.53638542
7.60113391
7.66338113
7.72833374
7.80006436
7.86087108
7.92913630
8.00191427
8.06001288
8.12363875
8.19148038
8.25226068
8.31738869
8.38209426
8.44180216
8.50619001
8.55592358
8.61496426
8.67144254
8.73155787
8.79077146
8.85059527
8.90660143
8.96292901
9.01903212
9.07848071
9.13666664
9.19901248
9.25263459
9.29657954
9.34577996
9.38875235
9.44864789
9.48826722
9.53934636
9.59572451
9.64243733
9.69013121
9.75906452
9.80732801
9.85931415
9.91623451
9.96664612
10.00708514
