1.00000000
1.40221254
1.72127859
1.98741038
2.22148599
2.44245778
2.64208251
2.82326053
2.99409419
3.16701752
3.32156590
3.46791003
3.61405589
3.74424892
3.87215702
3.99462138
4.12004854
4.24669283
4.37371695
4.47294087
4.58671996
4.70208464
4.79833304
4.89953059
4.99945997
5.10619232
5.20699529
5.29849035
5.39868503
5.50089084
5.59615940
5.68891905
5.76647206
5.84785431
5.93319475
6.01303584
6.09394782
6.18384993
6.26576412
6.34663690
6.41996885
6.49804586
6.57851047
6.67030734
6.75037777
6.82137816
6.89309800
6.97284734
7.03806792
7.10412556
7.17234968
7.24196106
7.30952803
7.36814766
7.43615492
7.50623741
7.56896294
7.63474950
7.69358174
7.75922677
7.82622514
7.89497308
7.95115086
8.02690476
8.09760458
8.16868410
8.23408768
8.29939757
8.35810983
8.42210188
8.48429137
8.54213088
8.59631316
8.65346174
8.70557293
8.76118713
8.81921765
8.86539339
8.91883400
8.96566785
9.02369104
9.08072684
9.14274576
9.20123905
9.25238348
9.31365664
9.37092311
9.41762178
9.46692136
9.51868688
9.55703929
9.61058791
9.66818494
9.71567805
9.76852087
9.82205681
9.87080544
9.91850795
9.96905211
10.01640654
