0.00000000
0.00442265
0.00653280
0.00805465
0.00926834
0.00998328
0.01144385
0.01125986
0.01208982
0.01340644
0.01369449
0.01425409
0.01521428
0.01492683
0.01561585
0.01549954
0.01569302
0.01582765
0.01724078
0.01771818
0.01818800
0.01892838
0.01927652
0.01985298
0.01963266
0.01995887
0.02098681
0.02215904
0.02235117
0.02227799
0.02237573
0.02293169
0.02241792
0.02281130
0.02365181
0.02382715
0.02364343
0.02428824
0.02564312
0.02754482
0.02864175
0.02924174
0.02906955
0.02957760
0.02987225
0.03102122
0.03152670
0.03200055
0.03152129
0.03172015
0.03206181
0.03268942
0.03263830
0.03256680
0.03406698
0.03430838
0.03456639
0.03553036
0.03708561
0.03746054
0.03673138
0.03701919
0.03705402
0.03804259
0.03972018
0.03957698
0.03955281
0.03929207
0.04035350
0.04114760
0.04086367
0.04058490
0.04053996
0.03974968
0.03946442
0.03945425
0.04004453
0.04081150
0.04149731
0.04229021
0.04270944
0.04253329
0.04217292
0.04204961
0.04256371
0.04164734
0.04196284
0.04161238
0.04147329
0.04291784
0.04207504
0.04225959
0.04299642
0.04136592
0.04200245
0.04142330
0.04207130
0.04235863
0.04108164
0.04153387
