0.52281027
0.59145553
0.76576427
0.45746899
0.08329034
-0.10200685
0.08830836
0.00225293
-0.14389040
-0.15474843
-0.04107828
-0.18668310
-0.20563443
-0.16234613
-0.21425937
-0.17582031
-0.01611287
-0.01611287
0.04404689
-0.11224654
-0.06399938
0.01510307
0.17269918
-0.04006795
-0.07810826
0.17360489
0.27852254
0.35799082
0.03758693
0.13649395
0.44476192
0.71262530
0.34983552
0.51491987
0.78906745
0.26198284
-0.15391854
-0.21318913
-0.15993712
-0.02749733
0.06066221
-0.13907321
-0.27828653
-0.20472754
-0.22701374
-0.36590446
-0.35524206
-0.40712652
-0.35263036
-0.29543035
-0.33828622
-0.33828622
-0.26355211
-0.29163539
-0.30188271
-0.32223920
-0.30220547
-0.29378108
-0.30920151
-0.31528771
-0.36496274
-0.31422322
-0.37303805
-0.30876879
-0.18885802
-0.30280217
-0.40214316
-0.42504644
-0.36178200
-0.36178200
-0.36178200
-0.25094791
-0.03771102
-0.03771102
-0.03771102
-0.36311552
-0.32979852
0.00173730
0.07323066
-0.28678673
-0.01236382
-0.30133484
-0.39151508
-0.31567131
-0.35269975
-0.44110545
-0.42346047
-0.42087365
-0.42087365
-0.43111649
-0.32813221
-0.28056716
-0.09054140
-0.02133145
0.24068569
0.50154945
0.36981104
0.36981104
0.73538295
1.04340980
1.15378172
1.37603002
0.99708637
1.03408006
0.93685165
1.51741934
1.51741934
0.57113541
0.35574097
0.41785363
0.52854904
0.76049993
0.76049993
0.75758165
0.62088147
0.52707755
0.52707755
0.61031593
0.64478768
0.90766716
1.12241173
1.54033920
1.81091601
1.86488613
1.20740597
0.93930851
1.15787460
0.88859775
0.90119200
1.23728624
1.23728624
1.29408422
0.86673761
0.86673761
0.53253250
0.44380171
0.39715108
0.15675049
0.15675049
-0.03320941
0.26401632
1.12824007
0.85422689
0.81659778
0.81659778
0.55611231
0.55611231
0.15207657
0.15312305
-0.01151462
-0.19406403
-0.10441422
-0.01709451
-0.06919241
-0.12484758
-0.22748942
-0.37455880
-0.30895875
-0.06030191
0.05557647
-0.11140127
-0.11325456
-0.11325456
-0.15596992
-0.31487930
-0.31487930
-0.24045504
-0.37195859
-0.37195859
-0.44503782
-0.40017389
-0.39102211
-0.26269544
-0.22758981
-0.26344879
-0.31589117
-0.34109469
-0.36604894
-0.24089612
-0.36565882
-0.39988199
-0.29964975
-0.38460080
-0.43408917
-0.38708596
-0.32698458
-0.33068105
-0.24680553
-0.17059862
0.00242987
0.08748410
0.04806361
-0.14835176
-0.26895218
-0.26461444
-0.38611934
-0.43082039
-0.41240352
-0.36530651
-0.35090813
-0.35296312
-0.30327303
-0.26918906
-0.27849193
-0.32849934
-0.23796241
-0.27284071
-0.32003862
-0.36501756
-0.36501756
-0.43089360
-0.39928789
-0.34715874
-0.34715874
-0.21851980
-0.32935158
-0.26641832
-0.29475737
-0.38198299
-0.33665902
-0.37909810
-0.43899789
-0.43899789
-0.36016179
-0.36016179
-0.40709671
-0.27123434
-0.33895432
-0.33895432
-0.16396512
-0.16396512
-0.17647636
-0.06319637
-0.33463404
-0.33463404
-0.33463404
-0.33463404
-0.37082289
-0.36545321
-0.22957399
-0.34275969
-0.34665413
-0.37245950
-0.36973062
-0.36973062
-0.39136627
-0.37599051
-0.31680517
-0.31680517
-0.38968444
-0.44641011
-0.37799708
-0.21224718
-0.17325571
-0.17325571
-0.20595961
-0.10701383
-0.14465949
-0.21902362
-0.32732637
-0.33875261
-0.25689082
-0.28200921
-0.31670793
-0.31670793
-0.38789694
-0.36162363
-0.32029339
-0.26886118
-0.19068470
-0.18283489
-0.31663905
-0.28300668
-0.28300668
-0.28300668
-0.34366616
-0.34366616
-0.34366616
-0.29959369
-0.37785381
-0.37785381
-0.37785381
-0.37785381
-0.43984587
-0.42512913
-0.44031004
-0.30735748
-0.41535892
-0.08736933
0.06850033
-0.30280692
-0.30280692
-0.44107104
-0.43539115
-0.40394005
-0.32728390
-0.39479030
-0.34584924
-0.41757670
-0.29653655
-0.31428507
-0.14721922
-0.20746566
-0.03039730
-0.06463840
-0.15335228
-0.00972387
0.11086434
0.04502471
-0.16783185
-0.28073220
-0.27752142
-0.39162514
-0.39162514
-0.30464764
-0.19778634
-0.20468485
-0.31676679
-0.23418727
-0.30128231
-0.38798040
-0.32007458
-0.31769801
-0.37083508
-0.38098304
-0.36018211
-0.34920564
-0.40993753
-0.39364660
-0.34896000
-0.43706865
-0.43720104
-0.42525830
-0.41888480
-0.43375917
-0.41925603
-0.43924145
-0.39967104
-0.40476163
-0.40476163
-0.35981824
-0.36736837
-0.36736837
-0.28878487
-0.39879671
-0.28365661
-0.34781723
-0.38874951
-0.35108779
-0.35108779
-0.40255461
-0.38114932
-0.38114932
-0.39925687
-0.41718826
-0.43454709
-0.43756899
-0.43756899
-0.41268842
-0.43489714
-0.34286108
-0.23016606
-0.32903879
-0.18811540
-0.19627873
-0.19627873
-0.19627873
-0.19627873
-0.19627873
-0.24210434
-0.23455323
-0.23455323
-0.23455323
-0.24624946
-0.24624946
-0.24624946
-0.24624946
-0.33786780
-0.02688657
0.16880097
-0.19451113
-0.19451113
-0.19451113
-0.39432378
-0.30455334
-0.25344171
-0.08403718
-0.08403718
-0.08403718
0.04820518
-0.21294719
-0.28713044
-0.28713044
-0.19445918
-0.04301799
-0.14864969
-0.14864969
-0.24538321
-0.12325659
-0.21673353
-0.21028674
0.02022159
-0.20641026
-0.21619592
-0.21619592
-0.21619592
-0.21619592
-0.21619592
-0.21619592
-0.21619592
-0.04973304
-0.08345103
-0.12302018
-0.12302018
-0.12302018
-0.12302018
0.00369652
0.26882034
0.26882034
0.26882034
0.26882034
0.28909362
0.28128484
-0.02333639
-0.02333639
-0.02333639
0.07034404
0.04742189
0.08433961
0.02602679
-0.04555635
0.01014194
-0.00909724
-0.00909724
-0.06599065
0.01260905
-0.02159731
-0.06375740
-0.17600792
-0.19368792
-0.19368792
-0.19368792
-0.17531415
-0.32738610
-0.32090204
-0.24106062
-0.19879471
-0.26216218
-0.26216218
-0.33595266
-0.33831983
-0.23797867
-0.13234826
-0.22503038
-0.23491795
-0.22651144
-0.32071753
-0.32071753
-0.32071753
-0.27603058
-0.27603058
-0.30962233
-0.28201399
-0.35120904
-0.35120904
-0.35120904
-0.23238959
-0.37390254
-0.37390254
-0.33749872
-0.23525972
-0.23525972
-0.23525972
-0.23525972
-0.21217861
-0.32524983
-0.32524983
-0.39302793
-0.37163383
-0.37163383
-0.36030908
-0.32393205
-0.32393205
-0.31280343
-0.29601374
-0.29887197
-0.34539624
-0.34539624
-0.27146219
-0.25039953
-0.25467464
-0.23991748
-0.22447815
-0.25907156
-0.25907156
-0.25923720
-0.25710138
-0.25805426
-0.26653131
-0.25830789
-0.25830789
-0.26659576
-0.24707704
-0.24707704
-0.22535103
-0.22535103
-0.20359947
-0.20359947
-0.20359947
-0.21415617
-0.24836550
-0.24549956
-0.25480383
-0.23344947
-0.24632476
-0.29971146
-0.34392669
-0.34093468
-0.33880061
-0.32781142
-0.37572077
-0.36414736
-0.35887129
-0.37802391
-0.37802391
-0.38453594
-0.44729639
-0.44729639
-0.40578641
-0.28391816
-0.28391816
-0.28391816
-0.24146953
-0.24146953
-0.24146953
-0.24146953
-0.24146953
-0.33605019
-0.33241836
-0.32597108
-0.42962582
-0.42962582
-0.43358922
-0.43358922
-0.41104449
-0.41104449
-0.40013717
-0.42565070
-0.40489497
-0.32848474
-0.40777205
-0.40777205
-0.43954821
-0.40458145
-0.40458145
-0.40458145
-0.40458145
-0.39156208
-0.36724183
-0.36724183
-0.34274663
-0.31971261
-0.41532691
-0.34428590
-0.34428590
-0.43548039
-0.40667775
-0.40667775
-0.40667775
-0.37710611
-0.37710611
-0.43468487
-0.43564137
-0.41883663
-0.38466562
-0.38466562
-0.43519438
-0.43724449
-0.43724449
-0.43724449
-0.43577403
-0.43577403
-0.43577403
-0.43577403
-0.43577403
-0.43602205
-0.43602205
-0.43097706
-0.43060696
-0.43060696
-0.37072363
-0.37240829
-0.37240829
-0.37479888
-0.37479888
-0.38955260
-0.38955260
-0.38955260
-0.41574944
-0.41574944
-0.44415965
-0.42532835
-0.42532835
-0.41643588
-0.41643588
-0.41643588
-0.41643588
-0.44318876
-0.44318876
-0.44318876
-0.40729502
-0.28399074
-0.28399074
-0.34379787
-0.34379787
-0.34379787
-0.37349508
-0.37349508
-0.41580763
-0.43277124
-0.39539676
-0.39539676
-0.39539676
-0.38188786
-0.38879124
-0.39654663
-0.39654663
-0.39407209
-0.39407209
-0.33257602
-0.33257602
-0.41413690
-0.43300589
-0.42126918
-0.43433260
-0.41758719
-0.41758719
-0.41102596
-0.44206761
-0.44206761
-0.44206761
-0.44119719
-0.44119719
-0.44165463
-0.44165463
-0.44165463
-0.43883878
-0.42432289
-0.38979769
-0.40018719
-0.40018719
-0.40018719
-0.40018719
-0.42174691
-0.42174691
-0.42174691
-0.42174691
-0.42174691
-0.43265834
-0.42772615
-0.42128255
-0.42128255
-0.42128255
-0.42128255
-0.42128255
-0.44026045
-0.44212192
-0.31586734
-0.28458436
-0.43861839
-0.43861839
-0.40626261
-0.43456410
-0.43456410
-0.43456410
-0.43456410
-0.43456410
-0.43599246
-0.43599246
-0.43599246
-0.42533286
-0.41969088
-0.37753490
-0.37561999
-0.37561999
-0.42259769
-0.42863819
-0.44286197
-0.44286197
-0.44286197
-0.42638950
-0.42638950
-0.42638950
-0.42638950
-0.42638950
-0.42264921
-0.42264921
-0.43253431
-0.43013941
-0.43013941
-0.43780425
-0.39840203
-0.39840203
-0.44456240
-0.44456240
-0.44456240
-0.44456240
-0.41156602
-0.41156602
-0.41156602
-0.44115268
-0.44115268
-0.42694865
-0.42694865
-0.42694865
-0.42694865
-0.42719448
-0.42719448
-0.42719448
-0.42719448
-0.42719448
-0.42719448
-0.42719448
-0.41456772
-0.44087604
-0.44087604
-0.44087604
-0.44087604
-0.43150211
-0.43150211
-0.43150211
-0.43647719
-0.43647719
-0.42281227
-0.42281227
-0.41774634
-0.39166787
-0.41886224
-0.40381801
-0.35194581
-0.28944015
-0.33485973
-0.43238740
-0.43238740
-0.44374631
-0.40271833
-0.40271833
-0.39313840
-0.39313840
-0.39313840
-0.39313840
-0.39313840
-0.39313840
-0.39313840
-0.39313840
-0.32973189
-0.32973189
-0.37832765
-0.37832765
-0.34903970
-0.34903970
-0.35685184
-0.35685184
-0.44302218
-0.43626019
-0.42871292
-0.42871292
-0.42871292
-0.42871292
-0.42871292
-0.42456283
-0.42456283
-0.42456283
-0.44382399
-0.44382399
-0.44382399
-0.44013971
-0.44013971
-0.44013971
-0.44296433
-0.44296433
-0.44296433
-0.44296433
-0.44296433
-0.44296433
-0.44296433
-0.44296433
-0.43513564
-0.42897243
-0.42712704
-0.42712704
-0.42712704
-0.41647842
-0.39115275
-0.42291263
-0.42291263
-0.42778563
-0.42778563
-0.42778563
-0.42778563
-0.40309188
-0.44437799
-0.44437799
-0.40308492
-0.43558243
-0.43327317
-0.43327317
-0.43327317
-0.43327317
-0.43327317
-0.44037591
-0.44037591
-0.44037591
-0.44037591
-0.44037591
-0.44037591
-0.44037591
-0.44037591
-0.44037591
-0.44037591
-0.44037591
-0.44037591
-0.40065605
-0.40065605
-0.41063708
-0.42339336
-0.42339336
-0.39544457
-0.39544457
-0.42264715
-0.41144641
-0.41144641
-0.41144641
-0.43240211
-0.43532710
-0.43532710
-0.42803714
-0.42803714
-0.42803714
-0.42803714
-0.42803714
-0.42803714
-0.42803714
-0.42803714
-0.42665080
-0.42665080
-0.42665080
-0.42665080
-0.42665080
-0.40124486
-0.42102579
-0.42102579
-0.42102579
-0.42352022
-0.42352022
-0.42352022
-0.42352022
-0.42352022
-0.42352022
-0.39285002
-0.39285002
-0.38378719
-0.40274045
-0.37500458
-0.38264330
-0.38928211
-0.43660704
-0.43753594
-0.43338726
-0.43338726
-0.43770140
-0.43770140
-0.43770140
-0.42897380
-0.42897380
-0.42897380
-0.43182091
-0.43182091
-0.43182091
-0.43182091
-0.43182091
-0.43182091
-0.42697766
-0.42697766
-0.43159842
-0.43097663
-0.43583431
-0.43583431
-0.43995166
-0.43995166
-0.43995166
-0.43995166
-0.43299651
-0.43299651
-0.43299651
-0.43299651
-0.44839779
-0.44839779
-0.44839779
-0.44839779
-0.44839779
-0.44839779
-0.44839779
-0.44839779
-0.44839779
-0.44839779
-0.44839779
-0.44839779
-0.44839779
-0.42401604
-0.43701489
-0.43701489
-0.43549430
-0.43549430
-0.43968208
-0.43461443
-0.42957739
-0.42957739
-0.42957739
-0.42957739
-0.42957739
-0.42668825
-0.42668825
-0.42668825
-0.42668825
-0.42668825
-0.42668825
-0.43281877
-0.43281877
-0.43281877
-0.43357980
-0.43357980
-0.43357980
-0.42832541
-0.42832541
-0.42832541
-0.42824630
-0.42824630
-0.43896675
-0.43557505
-0.43557505
-0.43557505
-0.43557505
-0.44647225
-0.44647225
-0.44647225
-0.44647225
-0.44647225
-0.44647225
-0.42313796
-0.43044406
-0.43044406
-0.43044406
-0.43044406
-0.43044406
-0.43044406
-0.43044406
-0.44283315
-0.44283315
-0.44283315
-0.44283315
-0.44283315
-0.42508674
-0.42508674
-0.42508674
-0.42508674
-0.42508674
-0.42508674
-0.43843700
-0.43843700
-0.44222666
-0.44045320
-0.44045320
-0.44045320
-0.44045320
-0.44045320
-0.44045320
-0.44045320
-0.44045320
-0.44045320
-0.44045320
-0.44045320
-0.44045320
-0.44045320
-0.44045320
-0.44045320
-0.42929491
-0.42929491
-0.42929491
-0.42929491
-0.42929491
-0.43026375
-0.43026375
-0.43026375
-0.43026375
-0.42750038
-0.42923248
-0.42923248
-0.42923248
-0.42923248
