0.03442185
0.04315082
0.04003278
0.03320378
0.02303616
0.02051233
0.02096784
0.01778379
0.01496909
0.01302083
0.01793331
0.01373949
0.01088961
0.01458905
0.01257190
0.01449659
0.01986606
0.01986606
0.01802532
0.01251264
0.01786922
0.02206860
0.02485603
0.01687671
0.01671390
0.02460702
0.02338143
0.02227843
0.01576934
0.01946722
0.02246111
0.02660930
0.01953560
0.02647743
0.03341433
0.02245407
0.01275434
0.00877653
0.01203912
0.01646751
0.02129672
0.01372617
0.00865819
0.01252815
0.00894372
0.00561757
0.00343221
0.00431359
0.00545266
0.00967587
0.00451060
0.00451060
0.00957474
0.00520023
0.00728548
0.00438260
0.00761143
0.00880903
0.00749064
0.01005273
0.00734480
0.00753639
0.00691695
0.01120900
0.01115108
0.00841015
0.00567452
0.00292494
0.00432279
0.00432279
0.00432279
0.00687313
0.01184028
0.01184028
0.01184028
0.00481246
0.00551394
0.01323853
0.01255071
0.00882636
0.01255910
0.00584382
0.00279899
0.00575458
0.00572122
0.00258837
0.00276833
0.00362273
0.00362273
0.00319761
0.00385309
0.00400084
0.00706863
0.00837112
0.01459019
0.01560980
0.02259909
0.02259909
0.02724299
0.04117037
0.03546493
0.03744674
0.02878861
0.02531973
0.02181482
0.02629176
0.02629176
0.01530926
0.01535161
0.01971052
0.01549939
0.02102450
0.02102450
0.02055886
0.01240102
0.00853175
0.00853175
0.01301851
0.01170801
0.01708946
0.02087070
0.02717008
0.02292960
0.02019483
0.01620263
0.01503756
0.01408924
0.01132118
0.00940254
0.02108476
0.02108476
0.02640894
0.00984648
0.00984648
0.00656715
0.00912435
0.00734319
0.00647583
0.00647583
0.00514582
0.01528078
0.02508115
0.02130178
0.02275040
0.02275040
0.01740132
0.01740132
0.00794617
0.00563028
0.00451032
0.00454869
0.00576150
0.00988499
0.01342391
0.01496028
0.00894016
0.00400436
0.00444377
0.01052645
0.01129247
0.01068017
0.00782288
0.00782288
0.00796173
0.00422168
0.00422168
0.00705059
0.00394632
0.00394632
0.00265427
0.00378941
0.00530686
0.00996699
0.01114280
0.01025815
0.00812482
0.00801845
0.00541797
0.01050321
0.00663210
0.00565419
0.00907866
0.00537572
0.00284288
0.00420902
0.00620147
0.00586607
0.01126511
0.01311079
0.02034374
0.02362598
0.02179588
0.01639267
0.01079417
0.01128738
0.00465349
0.00316823
0.00475271
0.00666731
0.00780216
0.00678809
0.00838387
0.01021821
0.00893030
0.00767976
0.00904376
0.00910089
0.00797378
0.00724766
0.00724766
0.00379440
0.00423073
0.00527695
0.00527695
0.00670297
0.00584479
0.00684304
0.00804443
0.00685801
0.00792567
0.00638465
0.00271450
0.00271450
0.00442288
0.00442288
0.00437886
0.00737970
0.00421199
0.00421199
0.00799855
0.00799855
0.00764806
0.00851762
0.00406096
0.00406096
0.00406096
0.00406096
0.00424862
0.00343835
0.00520928
0.00330848
0.00453191
0.00292278
0.00344752
0.00344752
0.00298037
0.00471556
0.00688516
0.00688516
0.00489416
0.00274663
0.00681721
0.01366118
0.01339143
0.01339143
0.01095127
0.01499856
0.02078110
0.01090030
0.00640041
0.00579009
0.00896128
0.00831133
0.00588960
0.00588960
0.00397390
0.00329065
0.00323758
0.00481946
0.00581298
0.00712273
0.00438474
0.00703835
0.00703835
0.00703835
0.00504929
0.00504929
0.00504929
0.00574403
0.00352676
0.00352676
0.00352676
0.00352676
0.00239640
0.00466527
0.00257102
0.00620496
0.00357316
0.00891109
0.01144598
0.00608306
0.00608306
0.00248056
0.00360481
0.00500816
0.00746225
0.00527325
0.00576020
0.00378799
0.00427413
0.00360132
0.00784833
0.00510735
0.00466179
0.00487172
0.00561092
0.00465177
0.00512002
0.01003186
0.00448407
0.00429573
0.00405191
0.00336847
0.00336847
0.00368939
0.00695329
0.00873776
0.00697225
0.00977231
0.00629526
0.00364884
0.00619961
0.00473495
0.00399551
0.00568562
0.00686016
0.00641686
0.00330329
0.00523831
0.00742088
0.00267459
0.00261910
0.00384246
0.00398378
0.00235685
0.00332040
0.00323901
0.00324283
0.00373235
0.00373235
0.00507582
0.00458458
0.00458458
0.00656925
0.00353881
0.00362367
0.00480453
0.00350968
0.00422326
0.00422326
0.00317784
0.00371909
0.00371909
0.00381789
0.00423007
0.00311340
0.00252212
0.00252212
0.00281258
0.00260644
0.00633348
0.00729770
0.00568361
0.00817518
0.00863059
0.00863059
0.00863059
0.00863059
0.00863059
0.00911881
0.00875238
0.00875238
0.00875238
0.00805191
0.00805191
0.00805191
0.00805191
0.00686817
0.01218100
0.01641609
0.00811992
0.00811992
0.00811992
0.00396849
0.00611145
0.00534277
0.01045459
0.01045459
0.01045459
0.01455808
0.00814245
0.00445641
0.00445641
0.00573532
0.00836936
0.00548631
0.00548631
0.00440290
0.00597308
0.00450860
0.00616415
0.00786217
0.00512868
0.00504070
0.00504070
0.00504070
0.00504070
0.00504070
0.00504070
0.00504070
0.00608451
0.00637655
0.00567322
0.00567322
0.00567322
0.00567322
0.00749873
0.01027380
0.01027380
0.01027380
0.01027380
0.01051191
0.00920553
0.00662150
0.00662150
0.00662150
0.00761268
0.00783992
0.00860216
0.00759969
0.00677250
0.00796188
0.00699734
0.00699734
0.00704445
0.00877348
0.00731692
0.00712482
0.00472058
0.00572281
0.00572281
0.00572281
0.00745682
0.00365146
0.00377321
0.00572443
0.00544678
0.00439129
0.00439129
0.00405353
0.00331590
0.00446826
0.00638723
0.00531793
0.00681448
0.00496827
0.00453104
0.00453104
0.00453104
0.00460942
0.00460942
0.00407795
0.00544959
0.00450683
0.00450683
0.00450683
0.00853420
0.00384086
0.00384086
0.00364874
0.00494191
0.00494191
0.00494191
0.00494191
0.00513384
0.00400420
0.00400420
0.00310990
0.00351337
0.00351337
0.00494511
0.00672471
0.00672471
0.00565934
0.00515633
0.00588242
0.00363993
0.00363993
0.00510660
0.00551780
0.00532285
0.00567320
0.00630933
0.00630340
0.00630340
0.00762293
0.00496609
0.00807409
0.00584384
0.00735642
0.00735642
0.00831285
0.00484889
0.00484889
0.00522439
0.00522439
0.00573963
0.00573963
0.00573963
0.00663023
0.00591723
0.00850915
0.00780368
0.00629333
0.00608017
0.00468792
0.00338410
0.00478158
0.00504792
0.00470313
0.00340406
0.00555899
0.00615017
0.00582458
0.00582458
0.00393221
0.00312017
0.00312017
0.00457339
0.00906090
0.00906090
0.00906090
0.01145303
0.01145303
0.01145303
0.01145303
0.01145303
0.00742573
0.00797798
0.00819375
0.00258939
0.00258939
0.00218938
0.00218938
0.00380520
0.00380520
0.00426210
0.00310591
0.00305700
0.00505378
0.00320532
0.00320532
0.00226138
0.00309874
0.00309874
0.00309874
0.00309874
0.00400906
0.00449412
0.00449412
0.00545477
0.00819769
0.00499273
0.00671136
0.00671136
0.00301651
0.00350906
0.00350906
0.00350906
0.00437209
0.00437209
0.00241424
0.00224373
0.00321027
0.00453736
0.00453736
0.00232999
0.00259192
0.00259192
0.00259192
0.00295690
0.00295690
0.00295690
0.00295690
0.00295690
0.00260726
0.00260726
0.00293557
0.00263346
0.00263346
0.00313791
0.00286706
0.00286706
0.00283009
0.00283009
0.00290220
0.00290220
0.00290220
0.00251229
0.00251229
0.00232604
0.00299184
0.00299184
0.00283351
0.00283351
0.00283351
0.00283351
0.00264984
0.00264984
0.00264984
0.00370990
0.00675257
0.00675257
0.00359421
0.00359421
0.00359421
0.00274072
0.00274072
0.00266241
0.00283648
0.00288405
0.00288405
0.00288405
0.00354117
0.00405165
0.00501885
0.00501885
0.00290900
0.00290900
0.00386253
0.00386253
0.00246605
0.00307508
0.00279713
0.00276496
0.00283246
0.00283246
0.00342163
0.00287743
0.00287743
0.00287743
0.00277480
0.00277480
0.00226600
0.00226600
0.00226600
0.00255197
0.00233695
0.00375965
0.00295170
0.00295170
0.00295170
0.00295170
0.00252607
0.00252607
0.00252607
0.00252607
0.00252607
0.00288121
0.00272341
0.00292919
0.00292919
0.00292919
0.00292919
0.00292919
0.00259708
0.00262599
0.00605803
0.00727135
0.00287318
0.00287318
0.00429888
0.00315451
0.00315451
0.00315451
0.00315451
0.00315451
0.00265439
0.00265439
0.00265439
0.00360847
0.00276688
0.00327357
0.00289620
0.00289620
0.00221651
0.00288264
0.00247703
0.00247703
0.00247703
0.00363732
0.00363732
0.00363732
0.00363732
0.00363732
0.00313386
0.00313386
0.00293657
0.00248995
0.00248995
0.00272988
0.00509800
0.00509800
0.00224340
0.00224340
0.00224340
0.00224340
0.00345506
0.00345506
0.00345506
0.00264423
0.00264423
0.00230754
0.00230754
0.00230754
0.00230754
0.00354014
0.00354014
0.00354014
0.00354014
0.00354014
0.00354014
0.00354014
0.00264429
0.00281814
0.00281814
0.00281814
0.00281814
0.00261364
0.00261364
0.00261364
0.00314841
0.00314841
0.00293823
0.00293823
0.00316328
0.00400264
0.00373725
0.00439767
0.00649133
0.00972474
0.00761730
0.00348768
0.00348768
0.00254205
0.00460061
0.00460061
0.00445671
0.00445671
0.00445671
0.00445671
0.00445671
0.00445671
0.00445671
0.00445671
0.00458397
0.00458397
0.00338199
0.00338199
0.00315917
0.00315917
0.00488301
0.00488301
0.00237284
0.00299784
0.00365003
0.00365003
0.00365003
0.00365003
0.00365003
0.00311537
0.00311537
0.00311537
0.00266058
0.00266058
0.00266058
0.00305779
0.00305779
0.00305779
0.00236947
0.00236947
0.00236947
0.00236947
0.00236947
0.00236947
0.00236947
0.00236947
0.00333943
0.00365646
0.00412789
0.00412789
0.00412789
0.00288111
0.00437363
0.00267715
0.00267715
0.00317302
0.00317302
0.00317302
0.00317302
0.00377162
0.00225355
0.00225355
0.00426873
0.00217113
0.00326511
0.00326511
0.00326511
0.00326511
0.00326511
0.00252462
0.00252462
0.00252462
0.00252462
0.00252462
0.00252462
0.00252462
0.00252462
0.00252462
0.00252462
0.00252462
0.00252462
0.00252778
0.00252778
0.00367695
0.00370898
0.00370898
0.00496526
0.00496526
0.00235877
0.00235596
0.00235596
0.00235596
0.00214178
0.00282006
0.00282006
0.00393544
0.00393544
0.00393544
0.00393544
0.00393544
0.00393544
0.00393544
0.00393544
0.00355814
0.00355814
0.00355814
0.00355814
0.00355814
0.00462039
0.00308557
0.00308557
0.00308557
0.00319459
0.00319459
0.00319459
0.00319459
0.00319459
0.00319459
0.00401398
0.00401398
0.00421019
0.00277024
0.00307466
0.00393278
0.00527177
0.00266277
0.00214989
0.00322070
0.00322070
0.00236618
0.00236618
0.00236618
0.00426396
0.00426396
0.00426396
0.00326762
0.00326762
0.00326762
0.00326762
0.00326762
0.00326762
0.00381952
0.00381952
0.00349474
0.00262995
0.00326995
0.00326995
0.00305605
0.00305605
0.00305605
0.00305605
0.00292511
0.00292511
0.00292511
0.00292511
0.00245491
0.00245491
0.00245491
0.00245491
0.00245491
0.00245491
0.00245491
0.00245491
0.00245491
0.00245491
0.00245491
0.00245491
0.00245491
0.00423675
0.00307592
0.00307592
0.00257710
0.00257710
0.00293132
0.00277827
0.00264830
0.00264830
0.00264830
0.00264830
0.00264830
0.00315033
0.00315033
0.00315033
0.00315033
0.00315033
0.00315033
0.00268831
0.00268831
0.00268831
0.00424834
0.00424834
0.00424834
0.00447309
0.00447309
0.00447309
0.00393619
0.00393619
0.00255523
0.00330654
0.00330654
0.00330654
0.00330654
0.00278884
0.00278884
0.00278884
0.00278884
0.00278884
0.00278884
0.00402654
0.00319401
0.00319401
0.00319401
0.00319401
0.00319401
0.00319401
0.00319401
0.00242338
0.00242338
0.00242338
0.00242338
0.00242338
0.00245173
0.00245173
0.00245173
0.00245173
0.00245173
0.00245173
0.00251841
0.00251841
0.00280399
0.00249574
0.00249574
0.00249574
0.00249574
0.00249574
0.00249574
0.00249574
0.00249574
0.00249574
0.00249574
0.00249574
0.00249574
0.00249574
0.00249574
0.00249574
0.00285537
0.00285537
0.00285537
0.00285537
0.00285537
0.00316343
0.00316343
0.00316343
0.00316343
0.00348611
0.00282658
0.00282658
0.00282658
0.00282658
