0.92011909
0.86971641
0.91238119
0.88283680
0.87581872
0.81436081
0.89028122
0.93481156
0.93208384
0.86842175
0.84288247
0.77030426
0.78505480
0.68685060
0.68798383
0.78082465
0.78343110
0.78343110
0.87158467
0.88278249
0.79770198
0.79770140
0.79176954
0.79203249
0.84899746
0.94735133
1.03332912
1.05774426
1.01186210
0.97428103
1.05883928
1.12380745
1.07072428
1.05546342
1.11540263
1.05250895
0.99613756
1.01642637
0.97127433
0.95891994
0.93383038
0.89709801
0.81632312
0.90840562
0.99507986
0.92772202
0.90839262
0.90126239
0.94428685
0.95784684
0.94956445
0.94956445
0.98800163
0.99108911
0.95454112
0.97543269
0.94112211
0.94098552
0.86302002
0.86246284
0.82565981
0.78817955
0.83631410
0.86824486
0.93163905
0.92078139
0.86906886
0.83287359
0.88772936
0.88772936
0.88772936
0.85082311
0.75935519
0.75935519
0.75935519
0.73358642
0.77110134
0.77271527
0.78715592
0.75074459
0.82692673
0.86153384
0.90203355
0.83961241
0.81526810
0.80614406
0.86609351
0.87304911
0.87304911
0.86049951
0.94849038
0.98931630
1.08818464
1.11343353
1.17593780
1.21551516
1.12964013
1.12964013
1.16166832
1.15149411
1.23545760
1.22768920
1.20899023
1.28177287
1.30360417
1.36161065
1.36161065
1.26165570
1.19934712
1.18381774
1.24251262
1.30391317
1.30391317
1.29975568
1.28302986
1.27826101
1.27826101
1.29536850
1.29889834
1.33357059
1.35834277
1.38986109
1.46705842
1.50380986
1.40644000
1.35959048
1.40219894
1.35817124
1.34315070
1.26411041
1.26411041
1.22475249
1.31732118
1.31732118
1.27125798
1.25709725
1.20495313
1.13702672
1.13702672
1.07822895
0.98483699
1.03050676
1.02940231
1.03776429
1.03776429
1.06302274
1.06302274
1.09228876
1.15551765
1.09509387
1.03159764
1.08561234
1.10490543
1.04899926
0.95856386
0.98864508
0.92839738
0.90702016
0.93847771
0.95105896
0.85668577
0.92034290
0.92034290
0.91036388
0.93779173
0.93779173
0.89643277
0.87428806
0.87428806
0.80062661
0.89799482
0.85114615
0.89813892
0.94811491
0.90843849
0.80978899
0.76012166
0.72506826
0.81937705
0.74735159
0.83129441
0.88607795
0.81434964
0.76965098
0.72132565
0.69164419
0.66096425
0.73242893
0.76057509
0.76969587
0.83121644
0.74699880
0.76309891
0.76867093
0.77208945
0.72389881
0.81422106
0.81702199
0.80858751
0.78340765
0.76311953
0.66467543
0.70345234
0.69652008
0.71481839
0.70607559
0.67632457
0.75224418
0.83732940
0.83732940
0.85951792
0.89377034
0.94261696
0.94261696
1.02425174
0.96472451
0.98063308
0.90276122
0.87208781
0.82422698
0.83052355
0.82006989
0.82006989
0.83313501
0.83313501
0.80510563
0.75740682
0.65881257
0.65881257
0.60632247
0.60632247
0.60806409
0.54969676
0.64263092
0.64263092
0.64263092
0.64263092
0.68109955
0.65276328
0.57760459
0.62548350
0.63296817
0.65068691
0.65760282
0.65760282
0.67880572
0.71947436
0.71853044
0.71853044
0.77264959
0.81461351
0.83103121
0.87128775
0.85311359
0.85311359
0.76703011
0.73333335
0.75060926
0.73246351
0.65938348
0.68459852
0.66071936
0.56926786
0.60522191
0.60522191
0.68731828
0.63840801
0.59809784
0.58704626
0.58587037
0.57444762
0.64578361
0.71050935
0.71050935
0.71050935
0.72221456
0.72221456
0.72221456
0.62237380
0.71119048
0.71119048
0.71119048
0.71119048
0.76505479
0.83475911
0.79643446
0.89491845
0.86031321
0.89419119
0.94160997
0.87894648
0.87894648
0.83068884
0.84579555
0.86509914
0.93021295
0.91253280
0.92376076
0.87981203
0.96642630
0.96473076
0.96288579
1.00576002
1.10275002
1.07472106
1.06311508
1.10591689
1.14789231
1.13377624
1.04602956
0.96263105
0.98372876
0.89483372
0.89483372
0.95829350
1.02945029
1.02251341
0.95506659
0.99845118
0.98084171
0.90937758
0.84375411
0.89294246
0.92941078
0.90798158
0.85002552
0.93369470
0.88357719
0.87873799
0.91815022
0.82609831
0.76176735
0.84061085
0.81906757
0.84180263
0.86616320
0.81230291
0.86086306
0.88058831
0.88058831
0.84773267
0.93268953
0.93268953
0.98353640
0.89668621
0.98819461
0.95266376
0.89630077
0.88798392
0.88798392
0.87970209
0.91227782
0.91227782
0.83517674
0.87666786
0.81300858
0.76108061
0.76108061
0.70926185
0.80055936
0.76691818
0.80807148
0.71941454
0.65048885
0.69233094
0.69233094
0.69233094
0.69233094
0.69233094
0.75850214
0.78446145
0.78446145
0.78446145
0.83306886
0.83306886
0.83306886
0.83306886
0.79430956
0.70442076
0.65096947
0.64405579
0.64405579
0.64405579
0.72009544
0.70431857
0.63374043
0.65072959
0.65072959
0.65072959
0.71863496
0.71155198
0.61438216
0.61438216
0.56146875
0.56446172
0.54441545
0.54441545
0.58077948
0.49558810
0.55336524
0.58312423
0.50034400
0.55192033
0.55112517
0.55112517
0.55112517
0.55112517
0.55112517
0.55112517
0.55112517
0.47438279
0.44034560
0.51361888
0.51361888
0.51361888
0.51361888
0.50409987
0.43726823
0.43726823
0.43726823
0.43726823
0.36338877
0.38635098
0.47348229
0.47348229
0.47348229
0.38730581
0.33540944
0.32978412
0.32710648
0.39962595
0.32248785
0.38113564
0.38113564
0.44253491
0.34646418
0.44165951
0.45136650
0.54013189
0.59039454
0.59039454
0.59039454
0.63979210
0.62918223
0.62727540
0.61886766
0.52366440
0.58954246
0.58954246
0.64897962
0.61691211
0.55482958
0.50989035
0.59507091
0.65651172
0.57397606
0.65576403
0.65576403
0.65576403
0.57121351
0.57121351
0.59257565
0.63714441
0.69290763
0.69290763
0.69290763
0.78933752
0.70677791
0.70677791
0.62051428
0.58448858
0.58448858
0.58448858
0.58448858
0.51794499
0.59402679
0.59402679
0.67680324
0.65292797
0.65292797
0.68978992
0.64486874
0.64486874
0.61370632
0.55986926
0.56960380
0.61371113
0.61371113
0.51378453
0.48831653
0.43367878
0.44486873
0.45636019
0.45241677
0.45241677
0.38944678
0.41496393
0.42048188
0.47232143
0.46811323
0.46811323
0.53586073
0.47964542
0.47964542
0.50181686
0.50181686
0.42499410
0.42499410
0.42499410
0.34029381
0.34667413
0.37913231
0.35365354
0.40981281
0.46131759
0.55551428
0.61943568
0.61790533
0.63340699
0.61716120
0.66654882
0.68012790
0.70854538
0.73717384
0.73717384
0.70853249
0.80245655
0.80245655
0.86512933
0.89239173
0.89239173
0.89239173
0.91141900
0.91141900
0.91141900
0.91141900
0.91141900
0.81664825
0.91571280
0.93029083
0.83937072
0.83937072
0.75000695
0.75000695
0.84052788
0.84052788
0.77628887
0.87341789
0.87311005
0.83953318
0.86619949
0.86619949
0.77322052
0.70317557
0.70317557
0.70317557
0.70317557
0.68063550
0.66142086
0.66142086
0.74907895
0.83806529
0.81727626
0.86520387
0.86520387
0.78686619
0.82068888
0.82068888
0.82068888
0.75197380
0.75197380
0.74388745
0.74721539
0.83800503
0.78997375
0.78997375
0.75004965
0.76632065
0.76632065
0.76632065
0.85167474
0.85167474
0.85167474
0.85167474
0.85167474
0.76017709
0.76017709
0.82931590
0.73755166
0.73755166
0.64892566
0.64820472
0.64820472
0.65681995
0.65681995
0.67159693
0.67159693
0.67159693
0.71388261
0.71388261
0.76503273
0.74629313
0.74629313
0.72828195
0.72828195
0.72828195
0.72828195
0.81872568
0.81872568
0.81872568
0.76731643
0.69889133
0.69889133
0.64496054
0.64496054
0.64496054
0.65198127
0.65198127
0.72030878
0.76875890
0.67852586
0.67852586
0.67852586
0.66817566
0.70059757
0.74418654
0.74418654
0.68222752
0.68222752
0.61333475
0.61333475
0.70974630
0.78139993
0.87693438
0.78969800
0.73602078
0.73602078
0.73709729
0.81705549
0.81705549
0.81705549
0.80869105
0.80869105
0.76422660
0.76422660
0.76422660
0.76678621
0.71962996
0.70320331
0.68466648
0.68466648
0.68466648
0.68466648
0.72700742
0.72700742
0.72700742
0.72700742
0.72700742
0.78940295
0.76046690
0.72436034
0.72436034
0.72436034
0.72436034
0.72436034
0.80683654
0.83596289
0.84937711
0.77694324
0.79340605
0.79340605
0.75792153
0.82577881
0.82577881
0.82577881
0.82577881
0.82577881
0.78242010
0.78242010
0.78242010
0.80471151
0.71707441
0.66041168
0.65780495
0.65780495
0.72369349
0.77272053
0.77494184
0.77494184
0.77494184
0.86769580
0.86769580
0.86769580
0.86769580
0.86769580
0.83003985
0.83003985
0.81497675
0.84798677
0.84798677
0.79929217
0.86726551
0.86726551
0.76905947
0.76905947
0.76905947
0.76905947
0.83627247
0.83627247
0.83627247
0.79749138
0.79749138
0.73398316
0.73398316
0.73398316
0.73398316
0.77122118
0.77122118
0.77122118
0.77122118
0.77122118
0.77122118
0.77122118
0.71526828
0.80400172
0.80400172
0.80400172
0.80400172
0.76269909
0.76269909
0.76269909
0.81582540
0.81582540
0.82554407
0.82554407
0.79657761
0.86435668
0.78695232
0.88529911
0.88850201
0.87406093
0.89723881
0.85041201
0.85041201
0.82453780
0.75367565
0.75367565
0.69482640
0.69482640
0.69482640
0.69482640
0.69482640
0.69482640
0.69482640
0.69482640
0.59937802
0.59937802
0.66210635
0.66210635
0.63573713
0.63573713
0.71023047
0.71023047
0.77932502
0.83866238
0.86223842
0.86223842
0.86223842
0.86223842
0.86223842
0.86179677
0.86179677
0.86179677
0.82805385
0.82805385
0.82805385
0.78778871
0.78778871
0.78778871
0.77836448
0.77836448
0.77836448
0.77836448
0.77836448
0.77836448
0.77836448
0.77836448
0.79658765
0.79438154
0.84935132
0.84935132
0.84935132
0.86784982
0.77660216
0.75336672
0.75336672
0.78686197
0.78686197
0.78686197
0.78686197
0.82448592
0.76968436
0.76968436
0.73204518
0.74484859
0.79162049
0.79162049
0.79162049
0.79162049
0.79162049
0.77380254
0.77380254
0.77380254
0.77380254
0.77380254
0.77380254
0.77380254
0.77380254
0.77380254
0.77380254
0.77380254
0.77380254
0.69133395
0.69133395
0.74356671
0.82471945
0.82471945
0.73693601
0.73693601
0.71868378
0.69783080
0.69783080
0.69783080
0.74833613
0.77449801
0.77449801
0.76960912
0.76960912
0.76960912
0.76960912
0.76960912
0.76960912
0.76960912
0.76960912
0.86092162
0.86092162
0.86092162
0.86092162
0.86092162
0.76097798
0.72871297
0.72871297
0.72871297
0.77149064
0.77149064
0.77149064
0.77149064
0.77149064
0.77149064
0.79950603
0.79950603
0.75997991
0.70297540
0.66008643
0.67560439
0.75326496
0.75897736
0.75482086
0.85332382
0.85332382
0.80805204
0.80805204
0.80805204
0.80955067
0.80955067
0.80955067
0.76278009
0.76278009
0.76278009
0.76278009
0.76278009
0.76278009
0.85389390
0.85389390
0.83890630
0.78461639
0.83313852
0.83313852
0.79690557
0.79690557
0.79690557
0.79690557
0.84240909
0.84240909
0.84240909
0.84240909
0.82715609
0.82715609
0.82715609
0.82715609
0.82715609
0.82715609
0.82715609
0.82715609
0.82715609
0.82715609
0.82715609
0.82715609
0.82715609
0.82587586
0.82585604
0.82585604
0.75062255
0.75062255
0.78168036
0.75272266
0.74898938
0.74898938
0.74898938
0.74898938
0.74898938
0.82684204
0.82684204
0.82684204
0.82684204
0.82684204
0.82684204
0.85851018
0.85851018
0.85851018
0.83910605
0.83910605
0.83910605
0.84278801
0.84278801
0.84278801
0.80997383
0.80997383
0.78929643
0.83918408
0.83918408
0.83918408
0.83918408
0.80669774
0.80669774
0.80669774
0.80669774
0.80669774
0.80669774
0.83852802
0.77900625
0.77900625
0.77900625
0.77900625
0.77900625
0.77900625
0.77900625
0.77799988
0.77799988
0.77799988
0.77799988
0.77799988
0.73005287
0.73005287
0.73005287
0.73005287
0.73005287
0.73005287
0.80526237
0.80526237
0.79249289
0.82068216
0.82068216
0.82068216
0.82068216
0.82068216
0.82068216
0.82068216
0.82068216
0.82068216
0.82068216
0.82068216
0.82068216
0.82068216
0.82068216
0.82068216
0.83713835
0.83713835
0.83713835
0.83713835
0.83713835
0.85252401
0.85252401
0.85252401
0.85252401
0.79511431
0.82186387
0.82186387
0.82186387
0.82186387
