1.02695049
1.09318494
1.09228592
1.02367309
0.93517156
0.89225958
0.92744434
0.85036712
0.79025126
0.83633081
0.90113734
0.88886513
0.85720554
0.94043512
0.90519177
0.88012371
0.96192750
0.96192750
0.93118612
0.84021131
0.93400070
0.94212819
1.03357672
0.95050715
0.88949317
0.90024561
0.84043738
0.85761426
0.78888660
0.86403554
0.88069805
0.85637464
0.82282639
0.88691692
0.90245004
0.81227989
0.72957421
0.65273469
0.73840169
0.80874479
0.86150059
0.82619330
0.78974342
0.77899436
0.69055826
0.64082714
0.55258367
0.62804102
0.64255820
0.67489082
0.57558304
0.57558304
0.67096126
0.59541713
0.68004004
0.59866920
0.69512800
0.69999223
0.75622774
0.73891025
0.72384570
0.78698590
0.71211846
0.75005005
0.76644775
0.71741206
0.67329801
0.58182169
0.54548555
0.54548555
0.54548555
0.49467682
0.44047545
0.44047545
0.44047545
0.52997303
0.51255180
0.43743680
0.42559468
0.48692972
0.44210516
0.51143659
0.57791666
0.51411333
0.52421379
0.60206932
0.60044314
0.62877380
0.62877380
0.60995027
0.56666711
0.55728580
0.58997389
0.60724100
0.64229586
0.68144557
0.75627198
0.75627198
0.82673457
0.89524783
0.81031422
0.87175413
0.81261440
0.73518602
0.66537841
0.72065349
0.72065349
0.62656006
0.65030402
0.71763795
0.63477191
0.61631012
0.61631012
0.60903391
0.58939510
0.49379187
0.49379187
0.54865050
0.52956802
0.60172691
0.61252088
0.66378665
0.57087945
0.47233207
0.51031972
0.53826171
0.45887735
0.46423462
0.42421192
0.33180832
0.33180832
0.31789758
0.40049909
0.40049909
0.46417960
0.53872002
0.43895023
0.46895288
0.46895288
0.50588788
0.40941129
0.31889016
0.34286875
0.34343164
0.34343164
0.37132095
0.37132095
0.45016497
0.48839176
0.50787105
0.54617169
0.58181966
0.63334734
0.70496510
0.77334626
0.70919683
0.62268301
0.53077687
0.46154868
0.44236818
0.46075268
0.47345216
0.47345216
0.47585240
0.53979075
0.53979075
0.50050717
0.54729518
0.54729518
0.61019604
0.63399904
0.69543452
0.75614673
0.73189659
0.74572479
0.77185056
0.77149301
0.75332529
0.80665534
0.75370773
0.69933100
0.73389465
0.72218880
0.66714441
0.72373969
0.79984966
0.77180257
0.85288913
0.88923927
0.96664850
0.97346528
0.99873485
0.89889238
0.82808680
0.81114030
0.71826722
0.64369943
0.68090092
0.73317722
0.74756067
0.76656653
0.82609158
0.85300902
0.85510528
0.79595532
0.87662102
0.85569257
0.78161696
0.71670370
0.71670370
0.62186966
0.58654826
0.65491963
0.65491963
0.64889460
0.63603356
0.67856768
0.73862494
0.68763718
0.74915076
0.70491854
0.62805381
0.62805381
0.52825388
0.52825388
0.54946117
0.48889663
0.54511572
0.54511572
0.47356767
0.47356767
0.47414925
0.44974487
0.54797143
0.54797143
0.54797143
0.54797143
0.55088976
0.58733671
0.52079663
0.61252010
0.71070262
0.62509776
0.58038803
0.58038803
0.65609434
0.73308929
0.80258230
0.80258230
0.71840203
0.63316605
0.70626332
0.79890724
0.83635278
0.83635278
0.88056984
0.95468323
0.89811379
0.89115853
0.79485334
0.78060926
0.86148223
0.84969367
0.78038639
0.78038639
0.69692823
0.64113716
0.61204348
0.56169253
0.49771252
0.49153934
0.53446172
0.49739625
0.49739625
0.49739625
0.52159268
0.52159268
0.52159268
0.53213018
0.55008160
0.55008160
0.55008160
0.55008160
0.63209368
0.66357601
0.59494423
0.52334577
0.56080228
0.46334650
0.43578058
0.51687316
0.51687316
0.60727585
0.63556425
0.66080370
0.68581848
0.63150285
0.68064697
0.61666463
0.54810884
0.56956904
0.48508154
0.53177149
0.52490995
0.51317139
0.57391869
0.52008120
0.50642183
0.60467221
0.54710990
0.53907141
0.55362141
0.57277645
0.57277645
0.55376171
0.64106170
0.64551722
0.67079405
0.67576845
0.63083179
0.57854274
0.51808133
0.52438779
0.61383224
0.66021844
0.72585899
0.66324403
0.59407189
0.67244618
0.68980378
0.59203113
0.64026809
0.66092808
0.68366743
0.58794855
0.62853026
0.63456016
0.56090174
0.57709531
0.57709531
0.53304587
0.58608167
0.58608167
0.66003413
0.58504080
0.56983444
0.62483466
0.57242638
0.54008842
0.54008842
0.57197218
0.58170513
0.58170513
0.54695695
0.63953881
0.64870386
0.62050960
0.62050960
0.60336655
0.59681797
0.51214947
0.48238351
0.51336097
0.47029809
0.46957570
0.46957570
0.46957570
0.46957570
0.46957570
0.48047650
0.48038386
0.48038386
0.48038386
0.48951155
0.48951155
0.48951155
0.48951155
0.51561071
0.43155678
0.40344717
0.47301854
0.47301854
0.47301854
0.55633368
0.50582545
0.50109242
0.44641410
0.44641410
0.44641410
0.42315593
0.47243829
0.53880218
0.53880218
0.51599418
0.44091379
0.50389870
0.50389870
0.53724633
0.54147355
0.54425095
0.49642553
0.44406167
0.53817675
0.54383528
0.54383528
0.54383528
0.54383528
0.54383528
0.54383528
0.54383528
0.51944109
0.59385882
0.50551498
0.50551498
0.50551498
0.50551498
0.45332770
0.39135147
0.39135147
0.39135147
0.39135147
0.45212620
0.43238345
0.49276823
0.49276823
0.49276823
0.55393451
0.60742024
0.59784751
0.63209451
0.61705823
0.63973690
0.60510551
0.60510551
0.58153891
0.62817629
0.55274238
0.57131051
0.52292185
0.48875529
0.48875529
0.48875529
0.47196081
0.56548353
0.56669568
0.50075405
0.57016143
0.54361184
0.54361184
0.54744385
0.62163560
0.56816587
0.53046056
0.50347265
0.48505679
0.51697614
0.53018512
0.53018512
0.53018512
0.60333514
0.60333514
0.60473317
0.51205646
0.53161922
0.53161922
0.53161922
0.48396185
0.54468351
0.54468351
0.62210748
0.52678624
0.52678624
0.52678624
0.52678624
0.61918053
0.69383343
0.69383343
0.63564538
0.67077575
0.67077575
0.74666126
0.79221883
0.79221883
0.79988792
0.80738014
0.78927613
0.69647350
0.69647350
0.73373207
0.74514636
0.82897892
0.79327465
0.74407151
0.82549104
0.82549104
0.87597001
0.85381926
0.91701585
0.82394808
0.91786434
0.91786434
0.85804023
0.76419936
0.76419936
0.66788227
0.66788227
0.75079403
0.75079403
0.75079403
0.83319424
0.88244598
0.95769249
0.92674556
0.82761653
0.78211229
0.76845148
0.67232865
0.74241613
0.76719211
0.73117655
0.68218769
0.74827737
0.75022255
0.72113586
0.72113586
0.71831210
0.62751442
0.62751442
0.67647237
0.74242696
0.74242696
0.74242696
0.75966948
0.75966948
0.75966948
0.75966948
0.75966948
0.75540601
0.69234909
0.67888488
0.58436116
0.58436116
0.60310381
0.60310381
0.56085818
0.56085818
0.54859799
0.61905340
0.57773358
0.51401907
0.57506296
0.57506296
0.60679924
0.58598562
0.58598562
0.58598562
0.58598562
0.67347400
0.69771711
0.69771711
0.77429562
0.75196814
0.68581079
0.72103971
0.72103971
0.64923576
0.55515619
0.55515619
0.55515619
0.54234336
0.54234336
0.62963501
0.61516382
0.56989028
0.53921715
0.53921715
0.60237056
0.59376578
0.59376578
0.59376578
0.61760928
0.61760928
0.61760928
0.61760928
0.61760928
0.59285519
0.59285519
0.58057037
0.62302779
0.62302779
0.67260923
0.64858508
0.64858508
0.60264630
0.60264630
0.60681762
0.60681762
0.60681762
0.61182615
0.61182615
0.60679108
0.57611507
0.57611507
0.58057390
0.58057390
0.58057390
0.58057390
0.60113764
0.60113764
0.60113764
0.55507020
0.49573749
0.49573749
0.57027397
0.57027397
0.57027397
0.62341069
0.62341069
0.66352925
0.59123134
0.65405945
0.65405945
0.65405945
0.66908235
0.70860542
0.71691613
0.71691613
0.65376252
0.65376252
0.63366751
0.63366751
0.63226927
0.65540357
0.60062044
0.57397917
0.57971179
0.57971179
0.56513333
0.62627439
0.62627439
0.62627439
0.60301769
0.60301769
0.61311504
0.61311504
0.61311504
0.63056800
0.60649916
0.54978736
0.63230032
0.63230032
0.63230032
0.63230032
0.64324028
0.64324028
0.64324028
0.64324028
0.64324028
0.65842369
0.57541817
0.65036064
0.65036064
0.65036064
0.65036064
0.65036064
0.62043184
0.60756316
0.51660959
0.49359413
0.58859021
0.58859021
0.55092848
0.64904469
0.64904469
0.64904469
0.64904469
0.64904469
0.59859559
0.59859559
0.59859559
0.66805299
0.64593004
0.66877062
0.62689429
0.62689429
0.61101061
0.57960400
0.63731636
0.63731636
0.63731636
0.62536252
0.62536252
0.62536252
0.62536252
0.62536252
0.57193336
0.57193336
0.58064424
0.59321963
0.59321963
0.64398218
0.66839312
0.66839312
0.60914762
0.60914762
0.60914762
0.60914762
0.56083627
0.56083627
0.56083627
0.59425431
0.59425431
0.60838358
0.60838358
0.60838358
0.60838358
0.67382355
0.67382355
0.67382355
0.67382355
0.67382355
0.67382355
0.67382355
0.64533176
0.62262503
0.62262503
0.62262503
0.62262503
0.58538869
0.58538869
0.58538869
0.58262183
0.58262183
0.56874415
0.56874415
0.56167713
0.55515154
0.55954464
0.64237158
0.71058548
0.75701902
0.70676145
0.64538910
0.64538910
0.63151632
0.70335931
0.70335931
0.67197265
0.67197265
0.67197265
0.67197265
0.67197265
0.67197265
0.67197265
0.67197265
0.74834342
0.74834342
0.67621348
0.67621348
0.59083461
0.59083461
0.53140376
0.53140376
0.60355802
0.62350182
0.63136619
0.63136619
0.63136619
0.63136619
0.63136619
0.59284415
0.59284415
0.59284415
0.61941173
0.61941173
0.61941173
0.63522752
0.63522752
0.63522752
0.59751431
0.59751431
0.59751431
0.59751431
0.59751431
0.59751431
0.59751431
0.59751431
0.65081319
0.66662761
0.63329352
0.63329352
0.63329352
0.58628049
0.53702956
0.57885060
0.57885060
0.56914663
0.56914663
0.56914663
0.56914663
0.55347452
0.62359800
0.62359800
0.70127567
0.63059815
0.66283784
0.66283784
0.66283784
0.66283784
0.66283784
0.63533494
0.63533494
0.63533494
0.63533494
0.63533494
0.63533494
0.63533494
0.63533494
0.63533494
0.63533494
0.63533494
0.63533494
0.62701066
0.62701066
0.68480260
0.66934293
0.66934293
0.70864296
0.70864296
0.63754183
0.61205770
0.61205770
0.61205770
0.63809758
0.58261192
0.58261192
0.66880235
0.66880235
0.66880235
0.66880235
0.66880235
0.66880235
0.66880235
0.66880235
0.61575373
0.61575373
0.61575373
0.61575373
0.61575373
0.70164136
0.65592288
0.65592288
0.65592288
0.56916505
0.56916505
0.56916505
0.56916505
0.56916505
0.56916505
0.54332642
0.54332642
0.53654235
0.58991756
0.67084498
0.66713120
0.72130012
0.63357508
0.61755643
0.61379471
0.61379471
0.58894705
0.58894705
0.58894705
0.65785500
0.65785500
0.65785500
0.58387728
0.58387728
0.58387728
0.58387728
0.58387728
0.58387728
0.65939432
0.65939432
0.64117726
0.57580439
0.62325058
0.62325058
0.65331967
0.65331967
0.65331967
0.65331967
0.62872985
0.62872985
0.62872985
0.62872985
0.63058479
0.63058479
0.63058479
0.63058479
0.63058479
0.63058479
0.63058479
0.63058479
0.63058479
0.63058479
0.63058479
0.63058479
0.63058479
0.66619277
0.59694437
0.59694437
0.63525328
0.63525328
0.63678754
0.60036156
0.64012148
0.64012148
0.64012148
0.64012148
0.64012148
0.57124019
0.57124019
0.57124019
0.57124019
0.57124019
0.57124019
0.59507784
0.59507784
0.59507784
0.63875368
0.63875368
0.63875368
0.65421271
0.65421271
0.65421271
0.65937491
0.65937491
0.59572422
0.63023072
0.63023072
0.63023072
0.63023072
0.62047437
0.62047437
0.62047437
0.62047437
0.62047437
0.62047437
0.66471475
0.66614237
0.66614237
0.66614237
0.66614237
0.66614237
0.66614237
0.66614237
0.63127687
0.63127687
0.63127687
0.63127687
0.63127687
0.63804631
0.63804631
0.63804631
0.63804631
0.63804631
0.63804631
0.58978092
0.58978092
0.61990365
0.59526576
0.59526576
0.59526576
0.59526576
0.59526576
0.59526576
0.59526576
0.59526576
0.59526576
0.59526576
0.59526576
0.59526576
0.59526576
0.59526576
0.59526576
0.59231033
0.59231033
0.59231033
0.59231033
0.59231033
0.59155566
0.59155566
0.59155566
0.59155566
0.56931587
0.57376819
0.57376819
0.57376819
0.57376819
