# BLOCK:    VELOCITY:     AVE_POFV:        ERROR:
           1   0.0942809  0.00309359  0.00309359           0
           1    0.282843  0.00758667  0.00758667           0
           1    0.471405    0.034496    0.034496           0
           1    0.659966   0.0752283   0.0752283           0
           1    0.848528    0.136855    0.136855           0
           1     1.03709    0.265926    0.265926           0
           1     1.22565    0.102113    0.102113           0
           1     1.41421    0.341007    0.341007           0
           1     1.60278    0.266098    0.266098           0
           1     1.79134    0.357654    0.357654           0
           1      1.9799    0.554882    0.554882           0
           1     2.16846    0.389228    0.389228           0
           1     2.35702    0.425762    0.425762           0
           1     2.54558    0.424902    0.424902           0
           1     2.73415    0.390652    0.390652           0
           1     2.92271    0.289717    0.289717           0
           1     3.11127    0.331677    0.331677           0
           1     3.29983    0.277318    0.277318           0
           1     3.48839    0.200691    0.200691           0
           1     3.67696     0.15576     0.15576           0
           1     3.86552    0.108595    0.108595           0
           1     4.05408   0.0512407   0.0512407           0
           1     4.24264   0.0208695   0.0208695           0
           1      4.4312   0.0270812   0.0270812           0
           1     4.61976  0.00243068  0.00243068           0
           1     4.80833   0.0104838   0.0104838           0
           1     4.99689   0.0171866   0.0171866           0
           1     5.18545    0.016892    0.016892           0
           1     5.37401  0.00297083  0.00297083           0
           1     5.56257  0.00260255  0.00260255           0

           2   0.0942809           0   0.0015468  0.00109375
           2    0.282843  0.00743935  0.00751301 5.20833e-05
           2    0.471405   0.0308623   0.0326791  0.00128472
           2    0.659966   0.0812436    0.078236  0.00212674
           2    0.848528    0.128703    0.132779  0.00288194
           2     1.03709    0.124505    0.195215        0.05
           2     1.22565    0.248813    0.175463   0.0518663
           2     1.41421    0.349429    0.345218  0.00297743
           2     1.60278    0.387828    0.326963   0.0430382
           2     1.79134    0.428487     0.39307   0.0250434
           2      1.9799    0.358611    0.456747   0.0693924
           2     2.16846    0.298728    0.343978   0.0319965
           2     2.35702    0.341547    0.383655   0.0297743
           2     2.54558    0.386945    0.405923   0.0134201
           2     2.73415    0.462271    0.426462   0.0253212
           2     2.92271    0.400866    0.345292   0.0392969
           2     3.11127    0.278816    0.305247   0.0186892
           2     3.29983     0.25063    0.263974  0.00943576
           2     3.48839    0.200592    0.200642 3.47222e-05
           2     3.67696    0.170295    0.163027  0.00513889
           2     3.86552    0.177366     0.14298   0.0243142
           2     4.05408   0.0975464   0.0743935   0.0163715
           2     4.24264   0.0533276   0.0370986   0.0114757
           2      4.4312    0.010091   0.0185861  0.00600694
           2     4.61976  0.00640816  0.00441942  0.00140625
           2     4.80833 0.000196419  0.00534013  0.00363715
           2     4.99689 0.000662913  0.00892477  0.00584201
           2     5.18545  0.00832324   0.0126076  0.00302951
           2     5.37401 0.000392837  0.00168183 0.000911458
           2     5.56257  0.00429666   0.0034496 0.000598958

           3   0.0942809   0.0237421  0.00894523  0.00608464
           3    0.282843   0.0263201    0.013782  0.00511876
           3    0.471405   0.0425246    0.035961  0.00281315
           3    0.659966   0.0455446   0.0673388  0.00900973
           3    0.848528    0.131723    0.132427  0.00194266
           3     1.03709     0.19416    0.194864   0.0333346
           3     1.22565    0.244615    0.198514   0.0393678
           3     1.41421    0.197278    0.295905   0.0403131
           3     1.60278    0.332561    0.328829   0.0287326
           3     1.79134    0.415229    0.400457   0.0177514
           3      1.9799    0.343634    0.419043   0.0555686
           3     2.16846    0.384195    0.357384   0.0239754
           3     2.35702    0.443243    0.403517   0.0256325
           3     2.54558    0.462885    0.424911   0.0178993
           3     2.73415    0.395832    0.416252   0.0188269
           3     2.92271    0.300447    0.330343   0.0289015
           3     3.11127    0.308353    0.306282   0.0124881
           3     3.29983    0.298409    0.275452   0.0112873
           3     3.48839    0.159246    0.186843   0.0112664
           3     3.67696    0.141249    0.155768  0.00684607
           3     3.86552    0.142674    0.142878   0.0162097
           3     4.05408   0.0669296   0.0719056   0.0111018
           3     4.24264   0.0716682   0.0486218   0.0121265
           3      4.4312   0.0344224   0.0238649  0.00588335
           3     4.61976   0.0297574   0.0128654  0.00695956
           3     4.80833    0.018537  0.00973909   0.0043336
           3     4.99689   0.0351589   0.0176695  0.00813318
           3     5.18545   0.0129636   0.0127263    0.002022
           3     5.37401           0  0.00112122 0.000760755
           3     5.56257           0  0.00229973  0.00102025

           4   0.0942809           0  0.00670892  0.00495744
           4    0.282843  0.00265165   0.0109994  0.00453272
           4    0.471405   0.0134056   0.0303221  0.00531968
           4    0.659966   0.0210904   0.0557767   0.0120798
           4    0.848528     0.10312      0.1251  0.00651034
           4     1.03709     0.12313     0.17693   0.0294322
           4     1.22565    0.186966    0.195627   0.0296315
           4     1.41421    0.413216    0.325232   0.0394871
           4     1.60278    0.340688    0.331794   0.0217018
           4     1.79134    0.458981    0.415088   0.0183794
           4      1.9799    0.476364    0.433373    0.043485
           4     2.16846    0.469195    0.385336   0.0301555
           4     2.35702    0.387976    0.399632   0.0195166
           4     2.54558    0.400006    0.418685   0.0144668
           4     2.73415    0.429788    0.419636   0.0144211
           4     2.92271    0.282425    0.318364   0.0240309
           4     3.11127    0.240073     0.28973   0.0171234
           4     3.29983    0.389252    0.303902   0.0260522
           4     3.48839    0.103463    0.165998   0.0199319
           4     3.67696   0.0956067    0.140728   0.0140008
           4     3.86552   0.0194454     0.11202   0.0293593
           4     4.05408   0.0469686   0.0656713  0.00992357
           4     4.24264    0.028137   0.0435006   0.0101187
           4      4.4312   0.0636642   0.0338147  0.00968089
           4     4.61976   0.0664877    0.026271    0.012729
           4     4.80833   0.0670033   0.0240551    0.012817
           4     4.99689  0.00540151   0.0146025  0.00665307
           4     5.18545   0.0340541   0.0180582  0.00486025
           4     5.37401   0.0154925  0.00471405  0.00316336
           4     5.56257   0.0015959  0.00212378 0.000780212

           5   0.0942809           0  0.00536714  0.00414356
           5    0.282843  0.00545061  0.00988967  0.00375958
           5    0.471405   0.0305431   0.0303663  0.00425593
           5    0.659966   0.0555864   0.0557387  0.00966394
           5    0.848528   0.0617982     0.11244   0.0124641
           5     1.03709    0.156717    0.172888   0.0238217
           5     1.22565    0.277883    0.212078   0.0279008
           5     1.41421    0.259616    0.312109   0.0336999
           5     1.60278    0.292222    0.323879   0.0187492
           5     1.79134    0.497062    0.431482    0.020766
           5      1.9799    0.505729    0.447844   0.0371179
           5     2.16846    0.503936    0.409056   0.0321263
           5     2.35702    0.424068    0.404519   0.0162137
           5     2.54558    0.467034    0.428354   0.0144482
           5     2.73415    0.284856     0.39268   0.0267283
           5     2.92271    0.335434    0.321778   0.0194658
           5     3.11127    0.293793    0.290542    0.013718
           5     3.29983    0.235039     0.29013     0.02421
           5     3.48839    0.089174    0.150633   0.0210505
           5     3.67696   0.0565194    0.123886   0.0187715
           5     3.86552    0.126346    0.114885   0.0236269
           5     4.05408   0.0623383   0.0650047  0.00796122
           5     4.24264   0.0527384   0.0453481  0.00826188
           5      4.4312   0.0588274   0.0388172  0.00894432
           5     4.61976   0.0530085   0.0316185   0.0112505
           5     4.80833   0.0347415   0.0261924   0.0104303
           5     4.99689  0.00405113   0.0124922  0.00564723
           5     5.18545  0.00603987   0.0156546  0.00444299
           5     5.37401  0.00486136  0.00474351  0.00253082
           5     5.56257   0.0127181  0.00424264  0.00199531

           6   0.0942809  0.00333912  0.00502913  0.00346672
           6    0.282843   0.0203784   0.0116378  0.00351599
           6    0.471405   0.0295119   0.0302239  0.00354899
           6    0.659966   0.0491537   0.0546412  0.00811536
           6    0.848528   0.0528366    0.102506   0.0137884
           6     1.03709    0.152077    0.169419   0.0201024
           6     1.22565    0.219841    0.213372   0.0232806
           6     1.41421    0.399859    0.326734   0.0310952
           6     1.60278    0.460012    0.346568   0.0259442
           6     1.79134    0.507153    0.444094   0.0207848
           6      1.9799     0.40585    0.440845   0.0315846
           6     2.16846    0.326325    0.395268   0.0295833
           6     2.35702    0.329811    0.392068   0.0176565
           6     2.54558    0.517858    0.443272   0.0181769
           6     2.73415    0.370494    0.388982   0.0225279
           6     2.92271    0.277294    0.314364   0.0175767
           6     3.11127    0.237666     0.28173   0.0139786
           6     3.29983    0.122344    0.262166   0.0325377
           6     3.48839   0.0726258    0.137632   0.0211798
           6     3.67696     0.19087     0.13505   0.0186698
           6     3.86552    0.112892    0.114553   0.0196914
           6     4.05408   0.0972763   0.0703833  0.00825362
           6     4.24264    0.151635   0.0630626   0.0175757
           6      4.4312    0.069925   0.0440018   0.0088293
           6     4.61976   0.0514126   0.0349175  0.00984723
           6     4.80833   0.0390382   0.0283334  0.00890893
           6     4.99689   0.0247242   0.0145309  0.00506064
           6     5.18545   0.0110976   0.0148951  0.00376685
           6     5.37401           0  0.00395292  0.00222908
           6     5.56257           0  0.00353553  0.00178366

           7   0.0942809  0.00434576  0.00493151  0.00297285
           7    0.282843   0.0368285   0.0152365  0.00449252
           7    0.471405   0.0524929   0.0334052   0.0042342
           7    0.659966   0.0483681    0.053745  0.00700533
           7    0.848528   0.0986021    0.101948   0.0118299
           7     1.03709     0.17054    0.169579   0.0172312
           7     1.22565    0.241276    0.217358   0.0202932
           7     1.41421    0.384882    0.335041   0.0277404
           7     1.60278    0.342971    0.346054    0.022243
           7     1.79134    0.454758    0.445618   0.0178713
           7      1.9799    0.431703    0.439539   0.0270995
           7     2.16846    0.315375    0.383854   0.0274707
           7     2.35702    0.416579    0.395569   0.0154775
           7     2.54558    0.380021    0.434236   0.0176841
           7     2.73415     0.26023    0.370589   0.0257457
           7     2.92271    0.401234    0.326774   0.0189469
           7     3.11127    0.286648    0.282432   0.0119993
           7     3.29983     0.22652    0.257073   0.0282851
           7     3.48839    0.210217    0.148001   0.0205362
           7     3.67696    0.141888    0.136027   0.0160282
           7     3.86552    0.139015    0.118048   0.0171856
           7     4.05408    0.123547   0.0779782  0.00997449
           7     4.24264   0.0171375   0.0565019   0.0162433
           7      4.4312    0.031918   0.0422756  0.00773488
           7     4.61976   0.0274986   0.0338576  0.00849733
           7     4.80833  0.00466494   0.0249522  0.00825295
           7     4.99689  0.00343732   0.0129461  0.00457912
           7     5.18545  0.00289717   0.0131811   0.0035976
           7     5.37401 0.000712017  0.00348994  0.00195813
           7     5.56257 0.000122762    0.003048  0.00159409

           8   0.0942809 0.000294628   0.0043519  0.00265715
           8    0.282843   0.0333666   0.0175027  0.00446614
           8    0.471405   0.0448571   0.0348367  0.00393948
           8    0.659966   0.0953367    0.058944  0.00782453
           8    0.848528    0.133638    0.105909   0.0109944
           8     1.03709    0.237568    0.178078   0.0170448
           8     1.22565    0.306683    0.228524   0.0206006
           8     1.41421    0.251318    0.324576   0.0261726
           8     1.60278    0.293867    0.339531   0.0203968
           8     1.79134    0.314171    0.429187    0.021926
           8      1.9799    0.355076    0.428981   0.0256865
           8     2.16846    0.461633    0.393577   0.0256998
           8     2.35702    0.377394    0.393297   0.0137085
           8     2.54558     0.44479    0.435555   0.0155227
           8     2.73415    0.388123    0.372781   0.0226206
           8     2.92271    0.262047    0.318683   0.0182244
           8     3.11127    0.230374    0.275925   0.0121362
           8     3.29983    0.212844    0.251545    0.025284
           8     3.48839    0.308181    0.168024   0.0259553
           8     3.67696    0.285568     0.15472   0.0224149
           8     3.86552    0.102187    0.116065   0.0151513
           8     4.05408   0.0449307   0.0738472  0.00954484
           8     4.24264   0.0168429   0.0515445   0.0149502
           8      4.4312  0.00257799   0.0373134   0.0082068
           8     4.61976   0.0407814   0.0347231  0.00747911
           8     4.80833   0.0010312    0.021962  0.00774409
           8     4.99689 0.000294628   0.0113647  0.00427109
           8     5.18545 0.000245523   0.0115641  0.00349242
           8     5.37401 0.000564703  0.00312428  0.00174717
           8     5.56257  0.00130127  0.00282965   0.0014097

           9   0.0942809 9.82093e-05  0.00387927  0.00240357
           9    0.282843    0.011024   0.0167829   0.0040275
           9    0.471405   0.0392101   0.0353226   0.0035316
           9    0.659966     0.11218    0.064859  0.00891484
           9    0.848528    0.144294    0.110174   0.0105677
           9     1.03709    0.223107    0.183081   0.0158682
           9     1.22565    0.272457    0.233405   0.0188811
           9     1.41421    0.230792    0.314155   0.0252539
           9     1.60278    0.318444    0.337188   0.0182646
           9     1.79134    0.454095    0.431954   0.0196637
           9      1.9799    0.293916    0.413974    0.026861
           9     2.16846    0.459939     0.40095   0.0238786
           9     2.35702    0.389277    0.392851   0.0121927
           9     2.54558    0.459251    0.438188   0.0140195
           9     2.73415    0.324557    0.367423   0.0207321
           9     2.92271     0.30219     0.31685   0.0162913
           9     3.11127    0.296469    0.278208   0.0110003
           9     3.29983    0.180926    0.243698   0.0236609
           9     3.48839    0.251072    0.177251   0.0246571
           9     3.67696    0.210119    0.160875   0.0207524
           9     3.86552   0.0482208    0.108527   0.0152281
           9     4.05408   0.0767751   0.0741726  0.00848984
           9     4.24264   0.0520018   0.0515953   0.0132892
           9      4.4312   0.0370003   0.0372786  0.00729501
           9     4.61976    0.020403    0.033132  0.00681525
           9     4.80833  0.00739025    0.020343  0.00705086
           9     4.99689   0.0021606    0.010342  0.00391705
           9     5.18545  0.00576979   0.0109203  0.00316316
           9     5.37401   0.0347661  0.00664004  0.00366048
           9     5.56257   0.0321144  0.00608352  0.00331382

          10   0.0942809 0.000122762  0.00350362  0.00219238
          10    0.282843  0.00594166   0.0156988  0.00376784
          10    0.471405    0.123695   0.0441598  0.00896599
          10    0.659966    0.114586   0.0698317  0.00930746
          10    0.848528   0.0941581    0.108573  0.00963153
          10     1.03709    0.192711    0.184044   0.0143106
          10     1.22565    0.318247    0.241889   0.0188028
          10     1.41421     0.24432    0.307172   0.0236744
          10     1.60278    0.283137    0.331783   0.0172193
          10     1.79134    0.349085    0.423667    0.019365
          10      1.9799    0.306732     0.40325   0.0262285
          10     2.16846    0.333077    0.394163   0.0224346
          10     2.35702    0.374742     0.39104    0.011107
          10     2.54558      0.5923    0.453599   0.0193121
          10     2.73415    0.319475    0.362628   0.0192053
          10     2.92271    0.317879    0.316953   0.0146625
          10     3.11127    0.298458    0.280233    0.010085
          10     3.29983    0.262685    0.245597   0.0213709
          10     3.48839    0.249476    0.184474   0.0232251
          10     3.67696    0.200961    0.164884   0.0190604
          10     3.86552   0.0860068    0.106275   0.0138708
          10     4.05408   0.0922676   0.0759821  0.00783132
          10     4.24264   0.0404377   0.0504796    0.012007
          10      4.4312   0.0370003   0.0372508  0.00656556
          10     4.61976   0.0247978   0.0322986  0.00618447
          10     4.80833  0.00716928   0.0190256  0.00646767
          10     4.99689   0.0015468  0.00946246  0.00362274
          10     5.18545 0.000834779  0.00991177  0.00300333
          10     5.37401  0.00164501  0.00614053  0.00332834
          10     5.56257  0.00346188  0.00582135  0.00299279

          11   0.0942809 0.000491046  0.00322975   0.0020101
          11    0.282843   0.0402167   0.0179277  0.00403102
          11    0.471405    0.101057   0.0493323  0.00952679
          11    0.659966   0.0413216   0.0672399  0.00881482
          11    0.848528    0.135971    0.111064  0.00907227
          11     1.03709    0.174395    0.183167   0.0130365
          11     1.22565    0.300349    0.247204   0.0178287
          11     1.41421    0.228901    0.300056   0.0225662
          11     1.60278    0.289987    0.327983   0.0160677
          11     1.79134    0.246628    0.407573   0.0233539
          11      1.9799    0.534676    0.415198   0.0264256
          11     2.16846    0.298409    0.385458   0.0220193
          11     2.35702    0.369758    0.389105   0.0102644
          11     2.54558    0.487928     0.45672   0.0178068
          11     2.73415    0.456108    0.371126    0.019248
          11     2.92271     0.35483    0.320397   0.0137279
          11     3.11127    0.286427    0.280796  0.00918387
          11     3.29983    0.260034    0.246909   0.0194683
          11     3.48839    0.154459    0.181745   0.0212734
          11     3.67696     0.17113    0.165451   0.0173361
          11     3.86552      0.1604    0.111195   0.0134543
          11     4.05408   0.0397011   0.0726838  0.00778301
          11     4.24264   0.0342259    0.049002    0.011006
          11      4.4312   0.0344224   0.0369936  0.00597373
          11     4.61976   0.0442678   0.0333867  0.00571717
          11     4.80833  0.00982093   0.0181888  0.00593358
          11     4.99689  0.00122762  0.00871384  0.00336986
          11     5.18545 0.000196419  0.00902856  0.00285722
          11     5.37401  0.00179232  0.00574524  0.00304914
          11     5.56257  0.00871607  0.00608451  0.00273226

          12   0.0942809  0.00031918   0.0029872  0.00185717
          12    0.282843  0.00905981   0.0171887  0.00376223
          12    0.471405    0.017825   0.0467067   0.0090875
          12    0.659966   0.0534995   0.0660948  0.00815428
          12    0.848528    0.165139     0.11557   0.0093688
          12     1.03709    0.203539    0.184865   0.0120601
          12     1.22565    0.220431    0.244973    0.016482
          12     1.41421    0.238084    0.294892   0.0212684
          12     1.60278    0.309015    0.326403   0.0148062
          12     1.79134    0.558492     0.42015   0.0245617
          12      1.9799    0.538604    0.425481   0.0261481
          12     2.16846    0.329271    0.380776   0.0206761
          12     2.35702     0.40914    0.390775  0.00954388
          12     2.54558    0.425271    0.454099   0.0165147
          12     2.73415    0.261875    0.362022   0.0196797
          12     2.92271    0.246579    0.314245    0.013894
          12     3.11127    0.238649    0.277284  0.00906532
          12     3.29983    0.197106    0.242759    0.018283
          12     3.48839    0.181442     0.18172   0.0195007
          12     3.67696    0.215348    0.169609   0.0163825
          12     3.86552    0.128409     0.11263   0.0124093
          12     4.05408   0.0953858   0.0745756  0.00736076
          12     4.24264   0.0826431   0.0518054   0.0104398
          12      4.4312   0.0638606   0.0392326  0.00588053
          12     4.61976   0.0362883   0.0336285  0.00524585
          12     4.80833    0.026762   0.0189032  0.00548196
          12     4.99689   0.0299538   0.0104838  0.00352335
          12     5.18545   0.0213114   0.0100521  0.00279645
          12     5.37401           0  0.00526647  0.00283239
          12     5.56257           0  0.00557747  0.00255119

          13   0.0942809  0.00306904  0.00299349  0.00171432
          13    0.282843   0.0163027   0.0171205  0.00347344
          13    0.471405   0.0207467   0.0447098  0.00860507
          13    0.659966   0.0513635   0.0649617  0.00760536
          13    0.848528    0.113554    0.115415   0.0086494
          13     1.03709    0.147707    0.182006   0.0114662
          13     1.22565    0.235874    0.244273    0.015229
          13     1.41421    0.291461    0.294628    0.019634
          13     1.60278    0.367352    0.329553   0.0139984
          13     1.79134    0.490924    0.425594   0.0232679
          13      1.9799    0.463523    0.428408   0.0242999
          13     2.16846     0.47305    0.387874   0.0202674
          13     2.35702    0.396643    0.391226  0.00882041
          13     2.54558    0.372999    0.447861   0.0163803
          13     2.73415    0.366812     0.36239   0.0181693
          13     2.92271    0.327332    0.315252   0.0128616
          13     3.11127    0.255099    0.275577  0.00852711
          13     3.29983    0.125266    0.233721   0.0189795
          13     3.48839    0.162021    0.180205   0.0180594
          13     3.67696    0.104053    0.164567   0.0158795
          13     3.86552   0.0558565    0.108263    0.012199
          13     4.05408    0.153182   0.0806223  0.00893953
          13     4.24264   0.0656529   0.0528706  0.00969091
          13      4.4312   0.0750564   0.0419882  0.00603944
          13     4.61976     0.11105    0.039584  0.00749586
          13     4.80833   0.0397502   0.0205069  0.00528962
          13     4.99689   0.0145104   0.0107936  0.00326591
          13     5.18545  0.00309359  0.00951686  0.00263207
          13     5.37401           0  0.00486136  0.00264332
          13     5.56257           0  0.00514843  0.00239075

          14   0.0942809           0  0.00277967  0.00160515
          14    0.282843   0.0382771   0.0186317  0.00353884
          14    0.471405   0.0594657   0.0457638  0.00805471
          14    0.659966    0.062412   0.0647795   0.0070643
          14    0.848528   0.0859331    0.113309  0.00828397
          14     1.03709    0.133344     0.17853   0.0111616
          14     1.22565    0.295242    0.247914   0.0145699
          14     1.41421    0.287655     0.29413   0.0182379
          14     1.60278    0.317314    0.328678   0.0130257
          14     1.79134    0.415302    0.424859   0.0216175
          14      1.9799    0.411006    0.427165    0.022596
          14     2.16846    0.473762    0.394009   0.0197264
          14     2.35702    0.363473    0.389244   0.0084102
          14     2.54558    0.319598    0.438699   0.0175867
          14     2.73415    0.415646    0.366194   0.0172651
          14     2.92271    0.470177    0.326318   0.0160108
          14     3.11127    0.324508    0.279072  0.00860454
          14     3.29983    0.186401    0.230341   0.0179222
          14     3.48839    0.145178    0.177703   0.0169419
          14     3.67696    0.149033    0.163457   0.0147839
          14     3.86552   0.0860559    0.106676   0.0114303
          14     4.05408   0.0669051   0.0796425  0.00835452
          14     4.24264    0.012669    0.049999  0.00941453
          14      4.4312   0.0188807   0.0403377  0.00582923
          14     4.61976   0.0323109   0.0390645  0.00697842
          14     4.80833   0.0107785    0.019812  0.00495722
          14     4.99689    0.056544   0.0140615  0.00437186
          14     5.18545   0.0265411   0.0107329  0.00271045
          14     5.37401   0.0353799  0.00704125  0.00323066
          14     5.56257  0.00351098  0.00503147  0.00222284

          15   0.0942809  0.00031918  0.00261564   0.0015065
          15    0.282843   0.0105575   0.0180934   0.0033436
          15    0.471405   0.0620437   0.0468491   0.0075905
          15    0.659966    0.101917   0.0672553  0.00701378
          15    0.848528    0.140046    0.115091  0.00792116
          15     1.03709    0.254043    0.183565   0.0114968
          15     1.22565    0.241767    0.247504   0.0136043
          15     1.41421    0.223745    0.289437   0.0176153
          15     1.60278    0.331235    0.328849   0.0121585
          15     1.79134    0.501874    0.429993   0.0207771
          15      1.9799    0.468998    0.429954    0.021261
          15     2.16846    0.313582    0.388647   0.0191261
          15     2.35702    0.320432    0.384656  0.00901424
          15     2.54558    0.313435    0.430348   0.0182898
          15     2.73415    0.411791    0.369234   0.0163795
          15     2.92271    0.398877    0.331155   0.0156571
          15     3.11127    0.324287    0.282087  0.00854259
          15     3.29983    0.198014    0.228186   0.0168565
          15     3.48839    0.123695    0.174102   0.0161905
          15     3.67696   0.0622401    0.156709   0.0152608
          15     3.86552     0.14999    0.109564    0.011027
          15     4.05408    0.107515   0.0815006  0.00800152
          15     4.24264   0.0913837    0.052758  0.00918227
          15      4.4312   0.0447834   0.0406341  0.00544814
          15     4.61976   0.0201575    0.037804  0.00662605
          15     4.80833   0.0206239   0.0198661  0.00462704
          15     4.99689    0.011024    0.013859  0.00408509
          15     5.18545   0.0073657   0.0105084  0.00253903
          15     5.37401  0.00815137  0.00711526  0.00301613
          15     5.56257   0.0089616  0.00529348  0.00209003

          16   0.0942809  0.00505778  0.00276827  0.00142005
          16    0.282843   0.0280633   0.0187165  0.00319216
          16    0.471405   0.0717419   0.0484049  0.00727379
          16    0.659966   0.0665368   0.0672104  0.00657557
          16    0.848528   0.0958277    0.113887  0.00751703
          16     1.03709    0.176728    0.183137   0.0107862
          16     1.22565    0.199537    0.244506   0.0130802
          16     1.41421    0.306217    0.290486   0.0165455
          16     1.60278    0.267596    0.325021   0.0119861
          16     1.79134     0.57693    0.439177   0.0214122
          16      1.9799    0.446729    0.431002    0.019958
          16     2.16846    0.363816    0.387095   0.0179936
          16     2.35702    0.491145    0.391312   0.0106275
          16     2.54558    0.440321    0.430971   0.0171573
          16     2.73415    0.265705    0.362764   0.0165847
          16     2.92271    0.304915    0.329515   0.0147641
          16     3.11127    0.206878    0.277386  0.00921157
          16     3.29983     0.21552    0.227394   0.0158215
          16     3.48839     0.17771    0.174328   0.0151801
          16     3.67696    0.131797    0.155152   0.0143862
          16     3.86552    0.155269     0.11242   0.0107014
          16     4.05408     0.11628   0.0836743  0.00779109
          16     4.24264    0.093839   0.0553256  0.00896016
          16      4.4312    0.033342   0.0401783  0.00512666
          16     4.61976  0.00999279   0.0360658  0.00643587
          16     4.80833  0.00130127   0.0187058  0.00448097
          16     4.99689 0.000270076   0.0130097  0.00391706
          16     5.18545 0.000171866  0.00986236  0.00246116
          16     5.37401  0.00495957  0.00698053  0.00283063
          16     5.56257           0  0.00496264  0.00198542

          17   0.0942809           0  0.00260543  0.00134582
          17    0.282843  0.00505778   0.0179131  0.00310385
          17    0.471405   0.0384489   0.0478193  0.00686946
          17    0.659966   0.0721347   0.0675001  0.00619515
          17    0.848528   0.0962942    0.112853  0.00714574
          17     1.03709    0.169755     0.18235   0.0101804
          17     1.22565    0.260328    0.245437   0.0123438
          17     1.41421    0.294996    0.290751   0.0155744
          17     1.60278     0.26681    0.321596     0.01176
          17     1.79134    0.438455    0.439134   0.0201527
          17      1.9799    0.445428    0.431851    0.018802
          17     2.16846    0.343978    0.384559    0.017113
          17     2.35702    0.392641     0.39139   0.0100027
          17     2.54558    0.428217    0.430809   0.0161488
          17     2.73415    0.412995    0.365718   0.0158702
          17     2.92271     0.32112    0.329021   0.0139039
          17     3.11127     0.34334    0.281266  0.00945146
          17     3.29983    0.209775    0.226358   0.0149248
          17     3.48839    0.163322     0.17368    0.014301
          17     3.67696    0.139482     0.15423   0.0135694
          17     3.86552    0.138549    0.113957   0.0101817
          17     4.05408     0.21196   0.0912205   0.0103617
          17     4.24264   0.0502095   0.0550246  0.00843815
          17      4.4312   0.0385717   0.0400838  0.00482596
          17     4.61976   0.0052542   0.0342534  0.00630734
          17     4.80833  0.00648181   0.0179867  0.00427469
          17     4.99689 0.000392837   0.0122675   0.0037563
          17     5.18545 9.82093e-05    0.009288  0.00238246
          17     5.37401 0.000147314  0.00657858  0.00269251
          17     5.56257 0.000270076   0.0046866  0.00188772

          18   0.0942809 0.000122762  0.00246751   0.0012781
          18    0.282843  0.00677644   0.0172944  0.00299245
          18    0.471405    0.024626   0.0465307  0.00660756
          18    0.659966   0.0536714   0.0667318  0.00589841
          18    0.848528    0.158976    0.115415  0.00719353
          18     1.03709    0.147461    0.180412  0.00979761
          18     1.22565    0.252447    0.245826   0.0116642
          18     1.41421    0.319426    0.292344   0.0147904
          18     1.60278    0.338797    0.322552   0.0111454
          18     1.79134    0.371452    0.435374   0.0193807
          18      1.9799    0.525174    0.437035   0.0184585
          18     2.16846    0.335336    0.381824   0.0163793
          18     2.35702    0.497086    0.397262   0.0110368
          18     2.54558    0.448767    0.431807   0.0152825
          18     2.73415    0.300177    0.362077   0.0154005
          18     2.92271    0.230153    0.323529   0.0141749
          18     3.11127    0.244148    0.279204  0.00914856
          18     3.29983    0.153845    0.222329   0.0146292
          18     3.48839    0.201133    0.175205   0.0135876
          18     3.67696    0.152765    0.154149   0.0128158
          18     3.86552    0.186352    0.117979   0.0103801
          18     4.05408    0.092685   0.0913019   0.0097864
          18     4.24264   0.0795986   0.0563899  0.00807905
          18      4.4312   0.0715946   0.0418344  0.00486501
          18     4.61976    0.031206   0.0340841   0.0059592
          18     4.80833   0.0622401   0.0204453  0.00469122
          18     4.99689  0.00982093   0.0121316  0.00355007
          18     5.18545  0.00120306  0.00883883  0.00229205
          18     5.37401 0.000147314  0.00622128  0.00256652
          18     5.56257  0.00434576  0.00466767  0.00178294

          19   0.0942809  7.3657e-05  0.00234152  0.00121703
          19    0.282843  0.00856876   0.0168351  0.00286997
          19    0.471405   0.0160572   0.0449269  0.00645151
          19    0.659966   0.0248715   0.0645287  0.00598531
          19    0.848528    0.132951    0.116338  0.00687388
          19     1.03709    0.237274    0.183405  0.00972828
          19     1.22565    0.241644    0.245606   0.0110524
          19     1.41421    0.289889    0.292215   0.0140125
          19     1.60278    0.343241    0.323641   0.0106119
          19     1.79134     0.39215    0.433099   0.0184937
          19      1.9799    0.345525    0.432219   0.0181044
          19     2.16846    0.416014    0.383624   0.0156157
          19     2.35702     0.44533    0.399792   0.0107419
          19     2.54558    0.533841    0.437177   0.0153928
          19     2.73415    0.331284    0.360456    0.014675
          19     2.92271    0.396103    0.327348    0.013934
          19     3.11127    0.308033    0.280721  0.00879199
          19     3.29983    0.196713    0.220981   0.0139212
          19     3.48839    0.194553    0.176224   0.0129105
          19     3.67696    0.067126    0.149569   0.0129339
          19     3.86552    0.064769    0.115179   0.0102046
          19     4.05408   0.0610616   0.0897103  0.00939986
          19     4.24264   0.0748355   0.0573607  0.00771194
          19      4.4312    0.037786   0.0416213  0.00461362
          19     4.61976   0.0285543    0.033793  0.00565266
          19     4.80833   0.0606688   0.0225623  0.00489876
          19     4.99689  0.00596621   0.0118071  0.00337802
          19     5.18545   0.0026762  0.00851449  0.00219425
          19     5.37401  0.00201329  0.00599981  0.00244098
          19     5.56257   0.0278914  0.00588997  0.00206603

          20   0.0942809           0  0.00222444  0.00116179
          20    0.282843   0.0106557   0.0165262  0.00274305
          20    0.471405   0.0607179   0.0457164  0.00617706
          20    0.659966   0.0861295   0.0656087  0.00578267
          20    0.848528     0.14751    0.117897  0.00670456
          20     1.03709     0.28051     0.18826    0.010383
          20     1.22565    0.306879     0.24867   0.0109161
          20     1.41421    0.325687    0.293889   0.0134115
          20     1.60278     0.34415    0.324666   0.0101307
          20     1.79134    0.317977    0.427343   0.0184431
          20      1.9799    0.365314    0.428874   0.0175055
          20     2.16846     0.30246    0.379565   0.0153532
          20     2.35702     0.34636     0.39712   0.0105318
          20     2.54558    0.395931    0.435115   0.0147606
          20     2.73415    0.413584    0.363113   0.0141796
          20     2.92271    0.340737    0.328018   0.0132534
          20     3.11127    0.293179    0.281344  0.00837443
          20     3.29983    0.224187    0.221142   0.0132261
          20     3.48839    0.166563    0.175741    0.012274
          20     3.67696   0.0884375    0.146512   0.0126432
          20     3.86552   0.0826922    0.113554  0.00982275
          20     4.05408    0.126494   0.0915495  0.00910801
          20     4.24264   0.0920957   0.0590974  0.00751936
          20      4.4312   0.0516581   0.0421232  0.00441015
          20     4.61976   0.0357482   0.0338908  0.00537087
          20     4.80833   0.0268357    0.022776  0.00465848
          20     4.99689  0.00851965   0.0116427  0.00321312
          20     5.18545  0.00692375  0.00843495  0.00208597
          20     5.37401   0.0436049  0.00788007  0.00295568
          20     5.56257  0.00611353  0.00590115  0.00196276

