-0.47188407
-0.45984513
-0.46183022
-0.46888034
-0.45765517
-0.44887521
-0.44862583
-0.44442268
-0.44632148
-0.45051731
-0.44774148
-0.44766952
-0.44688444
-0.44736323
-0.45080124
-0.44843404
-0.44975378
-0.44870499
-0.44934943
-0.44853576
-0.44856054
-0.44800818
-0.44852385
-0.44927792
-0.45017346
-0.45061397
-0.45159531
-0.45057651
-0.44992585
-0.44922089
-0.44697340
-0.44690804
-0.44639467
-0.44680068
-0.44706242
-0.44703124
-0.44608041
-0.44537923
-0.44628962
-0.44643761
-0.44681967
-0.44590317
-0.44488264
-0.44556293
-0.44573058
-0.44620690
-0.44618624
-0.44691231
-0.44769199
-0.44849955
-0.44935231
-0.44880224
-0.44874868
-0.44872846
-0.44904897
-0.44851351
-0.44891136
-0.44833941
-0.44873708
-0.44763020
-0.44748203
-0.44724031
-0.44553880
-0.44578327
-0.44571852
-0.44586132
-0.44665661
-0.44614132
-0.44622440
-0.44636156
-0.44588627
-0.44540490
-0.44525918
-0.44583522
-0.44583582
-0.44601050
-0.44609327
-0.44609945
-0.44613057
-0.44619960
-0.44654727
-0.44681089
-0.44643027
-0.44667965
-0.44710569
-0.44721880
-0.44680502
-0.44683452
-0.44649176
-0.44659114
-0.44606923
-0.44585584
-0.44572013
-0.44578906
-0.44545316
-0.44556505
-0.44583075
-0.44585188
-0.44556448
-0.44545070
