0.00000000
0.01203895
0.00722860
0.00870807
0.01309590
0.01383556
0.01169584
0.01096636
0.00985605
0.00976312
0.00925705
0.00845080
0.00781315
0.00724940
0.00757407
0.00746990
0.00713978
0.00681266
0.00647628
0.00619758
0.00589513
0.00564786
0.00542130
0.00524499
0.00510990
0.00492916
0.00484354
0.00477725
0.00465527
0.00455233
0.00494347
0.00478694
0.00466793
0.00454672
0.00442266
0.00429816
0.00428715
0.00423131
0.00422074
0.00411653
0.00403301
0.00404111
0.00407584
0.00403982
0.00395259
0.00389494
0.00381123
0.00380097
0.00380337
0.00381302
0.00383356
0.00379915
0.00372716
0.00365754
0.00360470
0.00358002
0.00353908
0.00352425
0.00348675
0.00360241
0.00354596
0.00349667
0.00383845
0.00378590
0.00372776
0.00367362
0.00370474
0.00368605
0.00363319
0.00358353
0.00356453
0.00354748
0.00350159
0.00350165
0.00345464
0.00341336
0.00336975
0.00332628
0.00328405
0.00324347
0.00322199
0.00319336
0.00317753
0.00314936
0.00314111
0.00310644
0.00309828
0.00306301
0.00304773
0.00301532
0.00302733
0.00300183
0.00297248
0.00294149
0.00292969
0.00290117
0.00288337
0.00285388
0.00283948
0.00281325
