0.08513720
0.08245333
0.08162099
0.08214699
0.08239605
0.08283718
0.08255592
0.08259226
0.08264602
0.08254029
0.08256681
0.08247516
0.08247605
0.08292100
0.08281036
0.08273116
0.08266330
0.08292221
0.08287095
0.08285751
0.08277829
0.08284714
0.08292341
0.08296236
0.08297681
0.08302084
0.08308796
0.08318471
0.08322283
0.08328396
0.08309823
0.08308497
0.08315068
0.08311637
0.08304234
0.08299616
0.08290503
0.08289666
0.08285947
0.08296197
0.08303428
0.08305618
0.08316406
0.08321120
0.08328315
0.08331144
0.08334317
0.08344656
0.08347767
0.08349587
0.08347183
0.08343281
0.08346444
0.08348333
0.08350811
0.08350600
0.08353902
0.08349944
0.08346682
0.08347004
0.08347184
0.08350554
0.08355606
0.08351790
0.08348704
0.08347225
0.08349458
0.08343905
0.08339452
0.08338854
0.08336133
0.08338666
0.08336889
0.08336661
0.08340080
0.08343803
0.08339280
0.08338772
0.08336810
0.08336261
0.08330079
0.08329117
0.08333786
0.08333231
0.08332209
0.08332524
0.08332759
0.08332635
0.08333439
0.08330844
0.08336415
0.08339338
0.08343568
0.08343177
0.08344940
0.08343612
0.08346315
0.08347706
0.08347293
0.08346752
