0.50639424
0.50541881
0.50653074
0.50365956
0.50219084
0.50085435
0.50353599
0.50405238
0.50358343
0.50121425
0.49998498
0.50015950
0.50051281
0.50031901
0.50006857
0.50208924
0.50195517
0.50202973
0.50240954
0.50223940
0.50219344
0.50262843
0.50190907
0.50139737
0.50146923
0.50056465
0.50040662
0.50021525
0.50018241
0.50014324
0.49982173
0.49968492
0.49973419
0.49971640
0.50020657
0.50032148
0.50040525
0.50057424
0.50045265
0.50052169
0.50089115
0.50117526
0.50135383
0.50124738
0.50100840
0.50115132
0.50120684
0.50133391
0.50119810
0.50158312
0.50158556
0.50146204
0.50132092
0.50143395
0.50133717
0.50129191
0.50159148
0.50186691
0.50188946
0.50189182
0.50203903
0.50228044
0.50234249
0.50227810
0.50236766
0.50246212
0.50257618
0.50226302
0.50211917
0.50207757
0.50206495
0.50163675
0.50159098
0.50159067
0.50162203
0.50150111
0.50155271
0.50168470
0.50171229
0.50189573
0.50182483
0.50158033
0.50155750
0.50137507
0.50124137
0.50119685
0.50133635
0.50138723
0.50134201
0.50136663
0.50143378
0.50133544
0.50139666
0.50136866
0.50128806
0.50128467
0.50143458
0.50127698
0.50148988
0.50143761
