86.22000000
116.78000000
123.80000000
92.56000000
98.02000000
102.34000000
92.34000000
103.16000000
79.44000000
123.34000000
88.90000000
90.88000000
106.58000000
94.46000000
101.50000000
85.52000000
105.00000000
133.22000000
96.64000000
95.16000000
102.76000000
107.68000000
113.90000000
115.60000000
113.24000000
109.42000000
115.50000000
104.76000000
106.86000000
92.06000000
132.08000000
100.28000000
105.66000000
99.08000000
81.88000000
102.14000000
88.80000000
94.56000000
91.84000000
108.66000000
120.68000000
85.96000000
85.92000000
86.64000000
94.00000000
88.90000000
107.42000000
102.50000000
113.28000000
118.88000000
94.40000000
90.50000000
88.86000000
89.36000000
75.46000000
90.92000000
87.54000000
84.20000000
116.44000000
126.02000000
89.98000000
97.86000000
84.80000000
100.22000000
82.34000000
78.96000000
87.86000000
126.68000000
83.14000000
108.58000000
117.26000000
116.42000000
81.04000000
97.44000000
79.22000000
99.66000000
100.22000000
95.24000000
89.88000000
108.24000000
118.34000000
97.96000000
98.52000000
77.62000000
106.42000000
93.26000000
96.80000000
113.86000000
98.06000000
100.76000000
105.24000000
69.20000000
76.52000000
84.38000000
101.04000000
110.30000000
87.86000000
85.20000000
93.92000000
87.76000000
