0.00000000
0.00097543
0.00124642
0.00300341
0.00275126
0.00261390
0.00347441
0.00305291
0.00273295
0.00340415
0.00331548
0.00303163
0.00281098
0.00260967
0.00244235
0.00305001
0.00286812
0.00270512
0.00258682
0.00245996
0.00234034
0.00227343
0.00228835
0.00224989
0.00215921
0.00226315
0.00218344
0.00211270
0.00203881
0.00197007
0.00193239
0.00187603
0.00181896
0.00176474
0.00178230
0.00173589
0.00169040
0.00165397
0.00161558
0.00157619
0.00158104
0.00156888
0.00154233
0.00151063
0.00149589
0.00146997
0.00143943
0.00141484
0.00139230
0.00141746
0.00138939
0.00136800
0.00134934
0.00132893
0.00130813
0.00128536
0.00129766
0.00130450
0.00128239
0.00126084
0.00124871
0.00125190
0.00123343
0.00121571
0.00120021
0.00118565
0.00117338
0.00119766
0.00118891
0.00117254
0.00115597
0.00121758
0.00120166
0.00118531
0.00116982
0.00116064
0.00114663
0.00113951
0.00112533
0.00112621
0.00111448
0.00112763
0.00111419
0.00111586
0.00111073
0.00109864
0.00109486
0.00108355
0.00107226
0.00106056
0.00105099
0.00104414
0.00103467
0.00102399
0.00101635
0.00100571
0.00100652
0.00100858
0.00102079
0.00101189
