0.00000000
0.00268387
0.00175893
0.00135040
0.00107526
0.00098254
0.00087674
0.00076015
0.00067254
0.00061076
0.00055309
0.00051315
0.00047203
0.00062367
0.00059106
0.00055853
0.00052901
0.00056195
0.00053402
0.00050679
0.00048852
0.00047085
0.00045633
0.00043864
0.00042097
0.00040685
0.00039720
0.00039479
0.00038284
0.00037487
0.00040738
0.00039467
0.00038812
0.00037809
0.00037452
0.00036689
0.00036829
0.00035856
0.00035122
0.00035734
0.00035594
0.00034805
0.00035657
0.00035155
0.00035110
0.00034455
0.00033863
0.00034725
0.00034151
0.00033510
0.00032934
0.00032529
0.00032066
0.00031523
0.00031044
0.00030485
0.00030127
0.00029866
0.00029537
0.00029042
0.00028562
0.00028299
0.00028301
0.00028116
0.00027851
0.00027466
0.00027145
0.00027313
0.00027280
0.00026894
0.00026652
0.00026401
0.00026097
0.00025743
0.00025627
0.00025560
0.00025628
0.00025302
0.00025057
0.00024748
0.00025210
0.00024919
0.00025056
0.00024762
0.00024491
0.00024206
0.00023927
0.00023654
0.00023401
0.00023284
0.00023692
0.00023614
0.00023739
0.00023488
0.00023306
0.00023101
0.00023020
0.00022827
0.00022599
0.00022378
