0.00000000
0.03715202
0.03056654
0.03282094
0.02589166
0.02388065
0.02142782
0.01900983
0.01753890
0.01637835
0.01483303
0.01410250
0.01331881
0.01300164
0.01214801
0.01195118
0.01133042
0.01070532
0.01013735
0.00964119
0.00953268
0.00952531
0.00930085
0.00893948
0.00858780
0.00825174
0.00794321
0.00784753
0.00760356
0.00734816
0.00725112
0.00708275
0.00688996
0.00668436
0.00650605
0.00633796
0.00622595
0.00614862
0.00621807
0.00606793
0.00596695
0.00582328
0.00568657
0.00557607
0.00557205
0.00545898
0.00535431
0.00540150
0.00529728
0.00522576
0.00512311
0.00502533
0.00499783
0.00490582
0.00494297
0.00485432
0.00493813
0.00488019
0.00499893
0.00491573
0.00486817
0.00479826
0.00473651
0.00473422
0.00476767
0.00483758
0.00481316
0.00474221
0.00468261
0.00464751
0.00466756
0.00460233
0.00463894
0.00462196
0.00462454
0.00456374
0.00452424
0.00446942
0.00441248
0.00440151
0.00436409
0.00432425
0.00427183
0.00423217
0.00418999
0.00414387
0.00413261
0.00408695
0.00404171
0.00399672
0.00395589
0.00397784
0.00397258
0.00393176
0.00389025
0.00385111
0.00381183
0.00378572
0.00374945
0.00386139
