0.00000000
0.04075275
0.03149425
0.04674010
0.05121369
0.04292972
0.04546821
0.04251665
0.03749616
0.03424955
0.03242966
0.03031261
0.02881597
0.02676775
0.02642386
0.02647133
0.02608045
0.02598092
0.02506104
0.02412602
0.02322844
0.02384203
0.02360581
0.02264276
0.02233856
0.02152253
0.02072603
0.02005147
0.01945251
0.01926921
0.01871773
0.01818993
0.01821545
0.01789358
0.01786787
0.01795983
0.01789964
0.01742223
0.01704726
0.01661562
0.01628360
0.01651310
0.01621285
0.01584182
0.01565961
0.01534609
0.01501686
0.01478634
0.01448615
0.01421751
0.01400366
0.01373563
0.01347401
0.01323092
0.01299677
0.01281193
0.01266767
0.01250975
0.01230379
0.01211446
0.01191640
0.01172280
0.01156197
0.01155278
0.01169349
0.01154179
0.01136927
0.01125491
0.01109536
0.01099164
0.01085002
0.01069844
0.01081574
0.01066870
0.01052564
0.01045178
0.01044307
0.01033142
0.01020792
0.01011882
0.00999314
0.01010560
0.01016012
0.01005626
0.00997177
0.00986409
0.01002300
0.01011622
0.01001729
0.01021699
0.01014343
0.01020640
0.01010848
0.01003582
0.00998759
0.00992503
0.00984584
0.00977251
0.00968530
0.00986819
