0.00000000
0.06688120
0.03913707
0.05092948
0.03954411
0.04941921
0.04460246
0.03916444
0.03454890
0.03588512
0.03295078
0.03035955
0.03072300
0.02851327
0.02713940
0.03375026
0.03200754
0.03142593
0.03059615
0.02980022
0.02923410
0.02805703
0.02719142
0.02603382
0.02679312
0.02584662
0.02494645
0.02424299
0.02376116
0.02314120
0.02239543
0.02183111
0.02169086
0.02119164
0.02074667
0.02016438
0.01974560
0.01922644
0.01949389
0.01903489
0.01879693
0.01862563
0.01837064
0.01794827
0.01765029
0.01750113
0.01769952
0.01738029
0.01710714
0.01682032
0.01659631
0.01656014
0.01625044
0.01595254
0.01566269
0.01563215
0.01536904
0.01566211
0.01539921
0.01515208
0.01492833
0.01476104
0.01468099
0.01472461
0.01455005
0.01452129
0.01431124
0.01412461
0.01404575
0.01384433
0.01365317
0.01349736
0.01333720
0.01316032
0.01322168
0.01304660
0.01299814
0.01283294
0.01275474
0.01261878
0.01262376
0.01251327
0.01239962
0.01225980
0.01211535
0.01207929
0.01198525
0.01191644
0.01178499
0.01166971
0.01164843
0.01152295
0.01151417
0.01139590
0.01132154
0.01125051
0.01113866
0.01105248
0.01095120
0.01088198
