0.00000000
0.00207004
0.01800921
0.01284967
0.01555516
0.01570433
0.01717949
0.01556804
0.01444736
0.01424752
0.01289518
0.01182003
0.01107509
0.01101546
0.01028391
0.00989469
0.00955658
0.00929884
0.00898820
0.00880866
0.00852337
0.00874890
0.00842264
0.00806732
0.00820621
0.00795018
0.00781747
0.00785031
0.00759421
0.00733696
0.00711512
0.00701600
0.00697405
0.00676602
0.00661280
0.00642663
0.00639527
0.00623954
0.00610236
0.00659127
0.00659750
0.00643883
0.00630220
0.00623234
0.00614156
0.00610498
0.00607473
0.00594774
0.00597058
0.00586432
0.00575246
0.00569296
0.00569702
0.00568924
0.00559696
0.00552721
0.00543060
0.00544463
0.00543035
0.00533929
0.00525164
0.00517860
0.00510289
0.00502850
0.00495198
0.00494931
0.00490565
0.00501881
0.00504559
0.00497992
0.00508888
0.00507919
0.00518542
0.00512426
0.00505567
0.00505972
0.00499445
0.00493534
0.00488425
0.00492833
0.00490952
0.00484940
0.00480450
0.00477067
0.00472238
0.00469158
0.00469644
0.00475057
0.00475483
0.00471766
0.00472304
0.00475341
0.00470221
0.00465467
0.00461190
0.00457559
0.00452900
0.00455057
0.00450583
0.00446107
