5.02249147
4.95561027
4.96198825
5.00474286
5.00747217
5.04488564
5.06053521
5.05406848
5.05486195
5.03661804
5.04228791
5.04639972
5.03359344
5.03160674
5.03725841
5.05949804
5.05509212
5.04632071
5.03907554
5.04582395
5.03867164
5.03546877
5.03092695
5.03096006
5.02124757
5.01892440
5.01698471
5.01384633
5.00967468
5.00674859
5.00598079
5.00345311
5.00822602
5.01072973
5.00808384
5.00838412
5.00608955
5.00555313
5.01096721
5.00982010
5.01276493
5.00953776
5.00694897
5.00694250
5.00501644
5.00213518
4.99766113
4.99902292
4.99731722
4.99872260
4.99682282
4.99375775
4.99332528
4.99375821
4.99405887
4.99126504
4.99191111
4.98775905
4.98737294
4.98677750
4.98767011
4.98617943
4.98831490
4.99114655
4.99239596
4.99475795
4.99524631
4.99609297
4.99420587
4.99406754
4.99369016
4.99271655
4.99354911
4.99320135
4.99569878
4.99566257
4.99743993
4.99769460
4.99622208
4.99700763
4.99902194
4.99796862
4.99893906
4.99847784
4.99860275
4.99700866
4.99596406
4.99469124
4.99441642
4.99503478
4.99345468
4.99366033
4.99203146
4.99236477
4.99134260
4.99237556
4.99205051
4.99126338
4.99175246
4.99269447
