1.55666783
1.55459779
1.53662828
1.53491127
1.52295742
1.51372069
1.50281319
1.49822922
1.50272600
1.49672511
1.49627628
1.49734487
1.49945170
1.50347728
1.50270453
1.50038808
1.50261103
1.50031150
1.50216118
1.49995134
1.50151504
1.50475537
1.50372891
1.50349975
1.50623228
1.50725390
1.50564476
1.50785379
1.50839671
1.50833491
1.50781839
1.50914633
1.50759829
1.50764921
1.50840156
1.50835748
1.50971038
1.50928026
1.50872944
1.50588901
1.50737273
1.50743755
1.50787059
1.50690639
1.50768296
1.50877472
1.50767127
1.50777521
1.50646520
1.50687554
1.50665389
1.50588463
1.50701122
1.50595598
1.50558784
1.50617337
1.50605802
1.50713946
1.50621773
1.50616953
1.50609005
1.50644764
1.50617749
1.50593251
1.50605208
1.50520547
1.50465695
1.50601004
1.50501019
1.50474763
1.50608767
1.50529974
1.50395915
1.50426934
1.50431325
1.50346849
1.50356187
1.50379129
1.50345230
1.50243789
1.50308184
1.50304818
1.50268325
1.50220819
1.50248596
1.50200777
1.50275045
1.50174413
1.50248414
1.50287191
1.50360666
1.50272757
1.50277010
1.50293003
1.50268551
1.50235458
1.50244108
1.50322498
1.50333954
1.50340776
