1.47265271
1.50980473
1.48802808
1.51272741
1.51763148
1.50652443
1.51372198
1.50959764
1.50444550
1.50915293
1.50988861
1.50594761
1.50292980
1.49880749
1.49984211
1.49614030
1.49460688
1.49390706
1.49438188
1.49506248
1.49766482
1.49481515
1.49672929
1.49751503
1.49703646
1.49691749
1.49670040
1.49843126
1.49774018
1.49792884
1.49936649
1.50030070
1.50088938
1.50084962
1.50129812
1.50173702
1.50086286
1.50190362
1.50023103
1.49993325
1.49917114
1.49913209
1.49907129
1.49954604
1.49838973
1.49806940
1.49770031
1.49900496
1.49872943
1.49933758
1.49924493
1.49911420
1.49829116
1.49817318
1.49928718
1.49922346
1.50050702
1.50102854
1.50243582
1.50234594
1.50291771
1.50261992
1.50224288
1.50141863
1.50041489
1.49924857
1.49992895
1.49987022
1.50017039
1.49962360
1.49873187
1.49870923
1.49775076
1.49709935
1.49632897
1.49639332
1.49681995
1.49664155
1.49664523
1.49602069
1.49640840
1.49606438
1.49606044
1.49637219
1.49611493
1.49626966
1.49572053
1.49583405
1.49574691
1.49578400
1.49562166
1.49633886
1.49579255
1.49567791
1.49570429
1.49559312
1.49552401
1.49583735
1.49571006
1.49677456
