5.02246666
5.06321940
5.08415483
5.04306113
5.00683876
4.99712279
5.02452640
5.00849061
5.00846736
5.01541445
5.00582647
4.99931095
4.99203989
4.99422503
4.98543622
4.97596056
4.98382806
4.97543788
4.97052864
4.96642802
4.97002389
4.97885184
4.98503423
4.98641137
4.99163935
4.99002891
4.98921540
4.98743310
4.98944980
4.98519201
4.98692582
4.98537112
4.98079051
4.98360041
4.98776891
4.99235491
4.99626350
4.99626655
4.99464151
4.99462801
4.99622306
5.00071230
4.99902206
4.99878787
4.99646107
4.99743123
4.99758891
4.99599963
4.99563006
4.99645649
4.99508100
4.99540858
4.99537804
4.99489603
4.99536989
4.99424637
4.99568993
4.99693787
4.99649713
4.99714757
4.99737594
4.99744137
4.99665545
4.99864667
5.00136287
5.00057633
5.00042161
4.99931960
4.99899436
5.00010184
5.00065857
5.00059688
5.00297585
5.00302668
5.00297049
5.00180173
5.00343131
5.00412188
5.00371490
5.00460592
5.00458513
5.00675213
5.00486382
5.00546235
5.00629131
5.00671147
5.00438830
5.00234856
5.00290350
5.00039937
5.00129194
4.99941631
4.99991736
4.99907450
4.99799993
4.99891223
4.99822998
4.99749529
4.99701327
4.99934831
