0 31.8085 31.8085 40.1861 
1 28.7564 28.7564 37.3509 
2 25.9568 25.9568 34.5175 
3 25.1005 25.1005 31.8892 
4 23.9111 23.9111 29.94 
5 23.4474 23.4474 28.1924 
6 22.1865 22.1865 26.899 
7 19.5773 19.5773 25.6959 
8 19.5773 19.5773 24.5215 
9 19.3704 19.3704 23.5955 
10 18.8277 18.8277 22.4714 
11 18.4687 18.4687 21.4889 
12 18.2845 18.2845 20.7938 
13 17.9026 17.9026 20.3272 
14 17.9026 17.9026 19.9484 
15 17.2349 17.2349 19.6875 
16 16.8359 16.8359 19.2722 
17 16.5291 16.5291 18.927 
18 16.1286 16.1286 18.6771 
19 16.1286 16.1286 18.2721 
20 15.6905 15.6905 17.8924 
21 14.102 14.102 17.682 
22 13.1199 13.1199 17.3472 
23 13.1199 13.1199 17.1224 
24 13.112 13.112 16.5176 
25 13.112 13.112 15.9494 
26 12.7641 12.7641 15.3431 
27 12.271 12.271 14.8796 
28 12.271 12.271 14.5344 
29 11.4554 11.4554 14.4387 
30 11.4554 11.4554 14.1227 
31 11.4554 11.4554 13.9126 
32 11.4554 11.4554 13.7235 
33 11.125 11.125 13.4457 
34 11.125 11.125 13.246 
35 11.125 11.125 13.1269 
36 10.1988 10.1988 13.0381 
37 10.1988 10.1988 12.9073 
38 10.1653 10.1653 12.6924 
39 9.8684 9.8684 12.5682 
40 9.8684 9.8684 12.1263 
41 9.8684 9.8684 11.7436 
42 9.8684 9.8684 11.6385 
43 9.85786 9.85786 11.6082 
44 9.73063 9.73063 11.4259 
45 9.30925 9.30925 11.4259 
46 9.21764 9.21764 11.4548 
47 9.21764 9.21764 11.4192 
48 8.58546 8.58546 11.3249 
49 8.58546 8.58546 11.3362 
50 8.0263 8.0263 10.967 
51 8.0263 8.0263 10.812 
52 8.0263 8.0263 10.6046 
53 8.0263 8.0263 10.0434 
54 7.98591 7.98591 9.91162 
55 7.98591 7.98591 9.68457 
56 7.824 7.824 9.62141 
57 7.71801 7.71801 9.83285 
58 7.71801 7.71801 9.86554 
59 7.71801 7.71801 9.74181 
60 7.51861 7.51861 9.39251 
61 7.51861 7.51861 9.36971 
62 7.51861 7.51861 9.26664 
63 7.51571 7.51571 9.48139 
64 7.51571 7.51571 9.44299 
65 7.44387 7.44387 9.45119 
66 7.44387 7.44387 9.52302 
67 7.44387 7.44387 9.54701 
68 7.41197 7.41197 9.48576 
69 7.41197 7.41197 9.31335 
70 7.41197 7.41197 9.33079 
71 7.41197 7.41197 9.27913 
72 6.94921 6.94921 9.14702 
73 6.9173 6.9173 9.14227 
74 6.9173 6.9173 9.07086 
75 6.85001 6.85001 9.12538 
76 6.85001 6.85001 8.8639 
77 6.85001 6.85001 8.62033 
78 6.39088 6.39088 8.69309 
79 6.39088 6.39088 8.49236 
80 6.39088 6.39088 8.49083 
81 6.39088 6.39088 8.38846 
82 6.39088 6.39088 8.25862 
83 6.39088 6.39088 8.11082 
84 6.39088 6.39088 8.12675 
85 6.39088 6.39088 8.04971 
86 6.39088 6.39088 7.97205 
87 6.37799 6.37799 8.06895 
88 6.37799 6.37799 8.03181 
89 6.37799 6.37799 8.03042 
90 6.37799 6.37799 8.08598 
91 6.37799 6.37799 8.2005 
92 6.27711 6.27711 8.17607 
93 6.27711 6.27711 8.2565 
94 6.27711 6.27711 8.29267 
95 6.27711 6.27711 8.19797 
96 6.24306 6.24306 8.03842 
97 6.24306 6.24306 7.95412 
98 6.24306 6.24306 8.03689 
99 6.24306 6.24306 8.07924 
100 6.24306 6.24306 8.17489 
101 6.24306 6.24306 7.89569 
102 6.24306 6.24306 7.80483 
103 6.24306 6.24306 7.95764 
104 6.24306 6.24306 7.8537 
105 6.24306 6.24306 8.11159 
106 6.24306 6.24306 8.01792 
107 6.24306 6.24306 8.04948 
108 6.24306 6.24306 7.95376 
109 6.24306 6.24306 7.8698 
110 6.24306 6.24306 7.92253 
111 6.24306 6.24306 8.03815 
112 6.24306 6.24306 7.81675 
113 6.24306 6.24306 7.92539 
114 6.24306 6.24306 8.04424 
115 6.24306 6.24306 8.06227 
116 6.24306 6.24306 8.02209 
117 6.24306 6.24306 7.87507 
118 6.24306 6.24306 7.97673 
119 6.24306 6.24306 8.0933 
120 6.24306 6.24306 8.1623 
121 6.24306 6.24306 8.12949 
122 6.24306 6.24306 7.99381 
123 6.24306 6.24306 7.96957 
124 6.24306 6.24306 7.83371 
125 6.24306 6.24306 7.98118 
126 6.24306 6.24306 7.78113 
127 6.24306 6.24306 8.01007 
128 6.24306 6.24306 7.96493 
129 6.24306 6.24306 8.08051 
130 6.24306 6.24306 8.04514 
131 6.24306 6.24306 8.17706 
132 6.24306 6.24306 8.18467 
133 6.24306 6.24306 7.92699 
134 6.24306 6.24306 7.82186 
135 6.24306 6.24306 8.04757 
136 6.24306 6.24306 7.97545 
137 6.24306 6.24306 7.91094 
138 6.24306 6.24306 7.7189 
139 6.24306 6.24306 7.87425 
140 6.24306 6.24306 7.81594 
141 6.24306 6.24306 7.87735 
142 6.24306 6.24306 7.87195 
143 6.24306 6.24306 7.87198 
144 6.24306 6.24306 7.8213 
145 6.24306 6.24306 7.81882 
146 6.24306 6.24306 7.90037 
147 6.24306 6.24306 7.90276 
148 6.24306 6.24306 7.78874 
149 6.24306 6.24306 7.99545 
150 6.24306 6.24306 7.97478 
151 6.24306 6.24306 8.02075 
152 6.24306 6.24306 8.04227 
153 6.24306 6.24306 7.74943 
154 6.24306 6.24306 7.75384 
155 6.24306 6.24306 7.92642 
156 6.24306 6.24306 8.11339 
157 6.24306 6.24306 7.94876 
158 6.24306 6.24306 7.93131 
159 6.24306 6.24306 7.86091 
160 6.24306 6.24306 8.06999 
161 6.24306 6.24306 8.02085 
162 6.24306 6.24306 7.81709 
163 6.24306 6.24306 7.98075 
164 6.24306 6.24306 7.7767 
165 6.24306 6.24306 7.82262 
166 6.24306 6.24306 7.97006 
167 6.24306 6.24306 7.91565 
168 6.24306 6.24306 8.04268 
169 6.24306 6.24306 8.02341 
170 6.24306 6.24306 7.96883 
171 6.24306 6.24306 7.81219 
172 6.24306 6.24306 7.78771 
173 6.24306 6.24306 7.85871 
174 6.24306 6.24306 7.85617 
175 6.24306 6.24306 7.88727 
176 6.24306 6.24306 7.87762 
177 6.24306 6.24306 8.02445 
178 6.24306 6.24306 7.83208 
179 6.24306 6.24306 7.91717 
180 6.24306 6.24306 7.6211 
181 6.24306 6.24306 7.88045 
182 6.24306 6.24306 7.90355 
183 6.24306 6.24306 7.95631 
184 6.24306 6.24306 7.97169 
185 6.24306 6.24306 7.92544 
186 6.24306 6.24306 7.80305 
187 6.24306 6.24306 7.86202 
188 6.24306 6.24306 8.06876 
189 6.24306 6.24306 7.89185 
190 6.24306 6.24306 7.94928 
191 6.24306 6.24306 8.02416 
192 6.24306 6.24306 8.00336 
193 6.24306 6.24306 8.10844 
194 6.24306 6.24306 8.05011 
195 6.24306 6.24306 8.05138 
196 6.24306 6.24306 7.85439 
197 6.24306 6.24306 7.71837 
198 6.24306 6.24306 7.88101 
199 6.24306 6.24306 8.00746 
200 6.24306 6.24306 7.97007 
201 6.24306 6.24306 7.87721 
202 6.24306 6.24306 7.89625 
203 6.24306 6.24306 7.98003 
204 6.24306 6.24306 7.93404 
205 6.24306 6.24306 7.83313 
206 6.24306 6.24306 8.08676 
207 6.24306 6.24306 7.93025 
208 6.24306 6.24306 7.93713 
209 6.24306 6.24306 7.93627 
210 6.24306 6.24306 8.06965 
211 6.24306 6.24306 7.98726 
212 6.24306 6.24306 8.07423 
213 6.24306 6.24306 7.91713 
214 6.24306 6.24306 8.05027 
215 6.24306 6.24306 7.90291 
216 6.24306 6.24306 8.05236 
217 6.24306 6.24306 7.83972 
218 6.24306 6.24306 7.75271 
219 6.24306 6.24306 7.83032 
220 6.24306 6.24306 7.88209 
221 6.24306 6.24306 8.05259 
222 6.24306 6.24306 8.01543 
223 6.24306 6.24306 8.0787 
224 6.24306 6.24306 7.84642 
225 6.24306 6.24306 8.03122 
226 6.24306 6.24306 8.20979 
227 6.24306 6.24306 8.11938 
228 6.24306 6.24306 8.28396 
229 6.24306 6.24306 8.01536 
230 6.24306 6.24306 7.92474 
231 6.24306 6.24306 7.79241 
232 6.24306 6.24306 7.80709 
233 6.24306 6.24306 7.84778 
234 6.24306 6.24306 7.92324 
235 6.24306 6.24306 7.94283 
236 6.24306 6.24306 7.95569 
237 6.24306 6.24306 7.71306 
238 6.24306 6.24306 7.82913 
239 6.24306 6.24306 8.11201 
240 6.24306 6.24306 7.90231 
241 6.24306 6.24306 7.96056 
242 6.24306 6.24306 8.05791 
243 6.24306 6.24306 7.88535 
244 6.24306 6.24306 7.92962 
245 6.24306 6.24306 7.97821 
246 6.24306 6.24306 7.98752 
247 6.24306 6.24306 7.88692 
248 6.24306 6.24306 7.68505 
249 6.24306 6.24306 7.88963 
250 6.24306 6.24306 7.76983 
251 6.24306 6.24306 7.76847 
252 6.24306 6.24306 7.93121 
253 6.24306 6.24306 7.95768 
254 6.24306 6.24306 7.9393 
255 6.24306 6.24306 7.71979 
256 6.24306 6.24306 7.92334 
257 6.24306 6.24306 7.81056 
258 6.24306 6.24306 7.89531 
259 6.24306 6.24306 7.95127 
260 6.24306 6.24306 8.25547 
261 6.24306 6.24306 8.0215 
262 6.24306 6.24306 7.79051 
263 6.24306 6.24306 8.04254 
264 6.24306 6.24306 7.90825 
265 6.24306 6.24306 7.72985 
266 6.24306 6.24306 7.86802 
267 6.24306 6.24306 7.77145 
268 6.24306 6.24306 7.96866 
269 6.24306 6.24306 8.02869 
270 6.24306 6.24306 7.79951 
271 6.24306 6.24306 7.90103 
272 6.24306 6.24306 7.95006 
273 6.24306 6.24306 7.93841 
274 6.24306 6.24306 7.87018 
275 6.24306 6.24306 7.81726 
276 6.24306 6.24306 7.85493 
277 6.24306 6.24306 7.98846 
278 6.24306 6.24306 7.88728 
279 6.24306 6.24306 8.00508 
280 6.24306 6.24306 7.94907 
281 6.24306 6.24306 7.93148 
282 6.24306 6.24306 8.0478 
283 6.24306 6.24306 8.0841 
284 6.24306 6.24306 7.85465 
285 6.24306 6.24306 7.73604 
286 6.24306 6.24306 7.77368 
287 6.24306 6.24306 7.87968 
288 6.24306 6.24306 7.88252 
289 6.24306 6.24306 7.85426 
290 6.24306 6.24306 7.84657 
291 6.24306 6.24306 7.78065 
292 6.24306 6.24306 7.69853 
293 6.24306 6.24306 7.76126 
294 6.24306 6.24306 7.91001 
295 6.24306 6.24306 7.65829 
296 6.24306 6.24306 7.92698 
297 6.24306 6.24306 7.93197 
298 6.24306 6.24306 7.92714 
299 6.24306 6.24306 7.88221 
300 6.24306 6.24306 7.78166 
301 6.24306 6.24306 7.8365 
302 6.24306 6.24306 7.84104 
303 6.24306 6.24306 7.70663 
304 6.24306 6.24306 7.76371 
305 6.24306 6.24306 7.73269 
306 6.24306 6.24306 7.98156 
307 6.24306 6.24306 7.98283 
308 6.24306 6.24306 7.8076 
309 6.24306 6.24306 8.04531 
310 6.24306 6.24306 7.86789 
311 6.24306 6.24306 7.85785 
312 6.24306 6.24306 7.87939 
313 6.24306 6.24306 7.78965 
314 6.24306 6.24306 7.81248 
315 6.24306 6.24306 8.01586 
316 6.24306 6.24306 7.95886 
317 6.24306 6.24306 8.0886 
318 6.24306 6.24306 8.10541 
319 6.24306 6.24306 7.90839 
320 6.24306 6.24306 8.01619 
321 6.24306 6.24306 8.07369 
322 6.24306 6.24306 8.05046 
323 6.24306 6.24306 8.02084 
324 6.24306 6.24306 7.96635 
325 6.24306 6.24306 8.08453 
326 6.24306 6.24306 7.85906 
327 6.24306 6.24306 7.90363 
328 6.24306 6.24306 7.89446 
329 6.24306 6.24306 7.79034 
330 6.24306 6.24306 8.00575 
331 6.24306 6.24306 7.90748 
332 6.24306 6.24306 7.84983 
333 6.24306 6.24306 7.8952 
334 6.24306 6.24306 7.87679 
335 6.24306 6.24306 7.70976 
336 6.24306 6.24306 7.98384 
337 6.24306 6.24306 8.07826 
338 6.24306 6.24306 7.98145 
339 6.24306 6.24306 7.77769 
340 6.24306 6.24306 8.05884 
341 6.24306 6.24306 7.90112 
342 6.24306 6.24306 7.90037 
343 6.24306 6.24306 7.99225 
344 6.24306 6.24306 8.0096 
345 6.24306 6.24306 7.97424 
346 6.24306 6.24306 8.08595 
347 6.24306 6.24306 7.9562 
348 6.24306 6.24306 8.17138 
349 6.24306 6.24306 8.27571 
350 6.24306 6.24306 8.25514 
351 6.24306 6.24306 8.022 
352 6.24306 6.24306 8.09293 
353 6.24306 6.24306 7.98411 
354 6.24306 6.24306 8.02916 
355 6.24306 6.24306 7.74446 
356 6.24306 6.24306 7.89107 
357 6.24306 6.24306 7.72002 
358 6.24306 6.24306 7.74434 
359 6.24306 6.24306 8.07908 
360 6.24306 6.24306 7.93968 
361 6.24306 6.24306 7.93964 
362 6.24306 6.24306 7.97244 
363 6.24306 6.24306 7.9075 
364 6.24306 6.24306 7.90274 
365 6.24306 6.24306 7.89299 
366 6.24306 6.24306 7.85425 
367 6.24306 6.24306 7.90054 
368 6.24306 6.24306 7.77544 
369 6.24306 6.24306 7.91188 
370 6.24306 6.24306 7.86562 
371 6.24306 6.24306 7.88749 
372 6.24306 6.24306 7.8585 
373 6.24306 6.24306 7.6127 
374 6.24306 6.24306 7.73254 
375 6.24306 6.24306 7.71735 
376 6.24306 6.24306 7.79443 
377 6.24306 6.24306 7.77974 
378 6.24306 6.24306 7.60654 
379 6.24306 6.24306 7.70281 
380 6.24306 6.24306 7.73823 
381 6.24306 6.24306 7.90035 
382 6.24306 6.24306 7.92352 
383 6.24306 6.24306 7.94951 
384 6.24306 6.24306 7.8718 
385 6.24306 6.24306 7.83642 
386 6.24306 6.24306 7.83813 
387 6.24306 6.24306 7.90868 
388 6.24306 6.24306 7.74699 
389 6.24306 6.24306 7.90376 
390 6.24306 6.24306 7.93127 
391 6.24306 6.24306 7.885 
392 6.24306 6.24306 7.85932 
393 6.24306 6.24306 7.77906 
394 6.24306 6.24306 7.80372 
395 6.24306 6.24306 7.83194 
396 6.24306 6.24306 7.8432 
397 6.24306 6.24306 8.0042 
398 6.24306 6.24306 7.75229 
399 6.24306 6.24306 7.87373 
400 6.24306 6.24306 7.78002 
401 6.24306 6.24306 7.9424 
402 6.24306 6.24306 8.04641 
403 6.24306 6.24306 8.01513 
404 6.24306 6.24306 7.76789 
405 6.24306 6.24306 7.95219 
406 6.24306 6.24306 7.7555 
407 6.24306 6.24306 7.95123 
408 6.24306 6.24306 7.9017 
409 6.24306 6.24306 7.89348 
410 6.24306 6.24306 7.86257 
411 6.24306 6.24306 7.9646 
412 6.24306 6.24306 7.9132 
413 6.24306 6.24306 7.8736 
414 6.24306 6.24306 7.95743 
415 6.24306 6.24306 7.8972 
416 6.24306 6.24306 8.10485 
417 6.24306 6.24306 8.00018 
418 6.24306 6.24306 7.96122 
419 6.24306 6.24306 7.86812 
420 6.24306 6.24306 7.76829 
421 6.24306 6.24306 7.89462 
422 6.24306 6.24306 7.64011 
423 6.24306 6.24306 7.92464 
424 6.24306 6.24306 8.30165 
425 6.24306 6.24306 8.19075 
426 6.24306 6.24306 8.06711 
427 6.24306 6.24306 7.8504 
428 6.24306 6.24306 7.94053 
429 6.24306 6.24306 7.87261 
430 6.24306 6.24306 7.92033 
431 6.24306 6.24306 7.9653 
432 6.24306 6.24306 7.82234 
433 6.24306 6.24306 7.83494 
434 6.24306 6.24306 7.71214 
435 6.24306 6.24306 7.87189 
436 6.24306 6.24306 7.95063 
437 6.24306 6.24306 7.93822 
438 6.24306 6.24306 7.91876 
439 6.24306 6.24306 8.08357 
440 6.24306 6.24306 8.05298 
441 6.24306 6.24306 8.04659 
442 6.24306 6.24306 7.93666 
443 6.24306 6.24306 7.85444 
444 6.24306 6.24306 7.7863 
445 6.24306 6.24306 7.94059 
446 6.24306 6.24306 7.80286 
447 6.24306 6.24306 7.94433 
448 6.24306 6.24306 8.18203 
449 6.24306 6.24306 8.03142 
450 6.24306 6.24306 7.8971 
451 6.24306 6.24306 8.15124 
452 6.24306 6.24306 8.05578 
453 6.24306 6.24306 8.18635 
454 6.24306 6.24306 7.99322 
455 6.24306 6.24306 7.91127 
456 6.24306 6.24306 7.92867 
457 6.24306 6.24306 8.21607 
458 6.24306 6.24306 7.87022 
459 6.24306 6.24306 8.08915 
460 6.24306 6.24306 7.83697 
461 6.24306 6.24306 7.94869 
462 6.24306 6.24306 7.9603 
463 6.24306 6.24306 7.8401 
464 6.24306 6.24306 7.80643 
465 6.24306 6.24306 8.02201 
466 6.24306 6.24306 7.92727 
467 6.24306 6.24306 7.7591 
468 6.24306 6.24306 8.04621 
469 6.24306 6.24306 7.99591 
470 6.24306 6.24306 8.21044 
471 6.24306 6.24306 8.06436 
472 6.24306 6.24306 7.9752 
473 6.24306 6.24306 7.96027 
474 6.24306 6.24306 7.9501 
475 6.24306 6.24306 7.99284 
476 6.24306 6.24306 7.87582 
477 6.24306 6.24306 7.95801 
478 6.24306 6.24306 8.14965 
479 6.24306 6.24306 8.03792 
480 6.24306 6.24306 7.85569 
481 6.24306 6.24306 7.75571 
482 6.24306 6.24306 7.90442 
483 6.24306 6.24306 7.86446 
484 6.24306 6.24306 7.7682 
485 6.24306 6.24306 7.8007 
486 6.24306 6.24306 7.75364 
487 6.24306 6.24306 7.86966 
488 6.24306 6.24306 7.9747 
489 6.24306 6.24306 8.00323 
490 6.24306 6.24306 7.92301 
491 6.24306 6.24306 7.90154 
492 6.24306 6.24306 7.92716 
493 6.24306 6.24306 7.90567 
494 6.24306 6.24306 7.8794 
495 6.24306 6.24306 7.87445 
496 6.24306 6.24306 7.85617 
497 6.24306 6.24306 7.87178 
498 6.24306 6.24306 7.90414 
499 6.24306 6.24306 7.86455 
