0 27.937 27.937 35.106 
1 24.6757 24.6757 32.8554 
2 24.5174 24.5174 30.7302 
3 23.6251 23.6251 28.4709 
4 21.5969 21.5969 26.7269 
5 21.2196 21.2196 25.339 
6 21.2196 21.2196 24.3197 
7 19.638 19.638 23.2177 
8 19.366 19.366 22.3907 
9 19.0634 19.0634 21.876 
10 17.9491 17.9491 21.1825 
11 16.6983 16.6983 20.484 
12 16.4623 16.4623 19.8459 
13 16.4258 16.4258 19.2814 
14 16.0155 16.0155 18.5425 
15 16.0155 16.0155 18.1281 
16 16.0155 16.0155 17.6089 
17 15.6746 15.6746 17.3918 
18 15.5603 15.5603 17.2271 
19 15.5603 15.5603 17.0543 
20 15.3607 15.3607 16.9457 
21 15.3607 15.3607 16.8693 
22 15.3607 15.3607 16.766 
23 15.105 15.105 16.8365 
24 14.9663 14.9663 16.6592 
25 14.9663 14.9663 16.6664 
26 14.5746 14.5746 16.5188 
27 14.4141 14.4141 16.359 
28 14.4141 14.4141 16.102 
29 13.8447 13.8447 15.9984 
30 13.8447 13.8447 15.7455 
31 13.8082 13.8082 15.6948 
32 13.8082 13.8082 15.5782 
33 13.7782 13.7782 15.4195 
34 12.9981 12.9981 15.267 
35 12.9981 12.9981 15.1747 
36 12.9981 12.9981 15.0341 
37 12.9981 12.9981 14.8533 
38 12.9741 12.9741 14.6609 
39 12.9462 12.9462 14.5737 
40 12.9428 12.9428 14.3271 
41 12.9428 12.9428 14.145 
42 12.9222 12.9222 14.1559 
43 12.813 12.813 14.2236 
44 12.6692 12.6692 14.0876 
45 12.6692 12.6692 14.0624 
46 12.5643 12.5643 14.081 
47 12.4548 12.4548 14.0973 
48 12.4548 12.4548 14.0678 
49 12.4548 12.4548 14.2051 
50 12.4548 12.4548 14.0022 
51 12.4491 12.4491 13.9863 
52 12.4413 12.4413 14.0323 
53 12.4413 12.4413 13.7664 
54 12.4413 12.4413 13.7334 
55 12.4413 12.4413 13.624 
56 12.3365 12.3365 13.5904 
57 12.3365 12.3365 13.6472 
58 12.3365 12.3365 13.7182 
59 12.3365 12.3365 13.6537 
60 12.1124 12.1124 13.4031 
61 12.1124 12.1124 13.3883 
62 12.1124 12.1124 13.3157 
63 12.0994 12.0994 13.3814 
64 12.0323 12.0323 13.38 
65 12.0317 12.0317 13.3573 
66 12.0317 12.0317 13.4023 
67 11.97 11.97 13.4151 
68 11.97 11.97 13.3506 
69 11.7556 11.7556 13.2637 
70 11.7556 11.7556 13.2353 
71 11.7556 11.7556 13.2565 
72 11.7556 11.7556 13.109 
73 11.6573 11.6573 13.1309 
74 11.6573 11.6573 12.9507 
75 11.6573 11.6573 13.0157 
76 11.6573 11.6573 12.9178 
77 11.6573 11.6573 12.7738 
78 11.6573 11.6573 12.8517 
79 11.4333 11.4333 12.7455 
80 11.4333 11.4333 12.8154 
81 11.4333 11.4333 12.7659 
82 11.4333 11.4333 12.7125 
83 11.4333 11.4333 12.6255 
84 11.4333 11.4333 12.6372 
85 11.4333 11.4333 12.5591 
86 11.4333 11.4333 12.5318 
87 11.4333 11.4333 12.5996 
88 11.4333 11.4333 12.5431 
89 11.4333 11.4333 12.5456 
90 11.4333 11.4333 12.6018 
91 11.4333 11.4333 12.6754 
92 11.4333 11.4333 12.6518 
93 11.4333 11.4333 12.7167 
94 11.4333 11.4333 12.7004 
95 11.4333 11.4333 12.6852 
96 11.4333 11.4333 12.5964 
97 11.4333 11.4333 12.5524 
98 10.9806 10.9806 12.6656 
99 10.9806 10.9806 12.6511 
100 10.9806 10.9806 12.6914 
101 10.9806 10.9806 12.4031 
102 10.9806 10.9806 12.2044 
103 10.9806 10.9806 12.2002 
104 10.9806 10.9806 12.088 
105 10.9806 10.9806 12.2105 
106 10.9806 10.9806 12.1715 
107 10.9806 10.9806 12.1799 
108 10.9806 10.9806 12.1454 
109 10.9806 10.9806 12.0817 
110 10.9806 10.9806 12.1412 
111 10.9806 10.9806 12.2014 
112 10.9806 10.9806 12.0796 
113 10.9806 10.9806 12.1333 
114 10.9806 10.9806 12.2131 
115 10.9806 10.9806 12.2315 
116 10.9806 10.9806 12.2098 
117 10.9806 10.9806 12.0844 
118 10.9806 10.9806 12.1007 
119 10.9806 10.9806 12.2389 
120 10.9806 10.9806 12.2935 
121 10.9806 10.9806 12.2576 
122 10.9806 10.9806 12.1425 
123 10.9806 10.9806 12.1648 
124 10.9806 10.9806 12.0296 
125 10.9806 10.9806 12.1494 
126 10.9806 10.9806 12.0535 
127 10.9806 10.9806 12.2291 
128 10.9806 10.9806 12.154 
129 10.8523 10.8523 12.2548 
130 10.8523 10.8523 12.245 
131 10.8523 10.8523 12.2957 
132 10.8523 10.8523 12.3019 
133 10.8523 10.8523 12.063 
134 10.8523 10.8523 12.0065 
135 10.8523 10.8523 12.1281 
136 10.8523 10.8523 12.093 
137 10.8523 10.8523 12.0099 
138 10.8523 10.8523 11.8672 
139 10.8523 10.8523 11.9734 
140 10.8523 10.8523 11.9326 
141 10.8523 10.8523 11.9953 
142 10.8523 10.8523 12.0118 
143 10.8523 10.8523 11.9585 
144 10.8523 10.8523 11.9225 
145 10.8523 10.8523 11.9085 
146 10.8523 10.8523 11.9537 
147 10.8523 10.8523 11.9819 
148 10.8523 10.8523 11.9277 
149 10.8523 10.8523 12.0498 
150 10.8523 10.8523 12.0827 
151 10.8523 10.8523 12.0716 
152 10.8523 10.8523 12.0754 
153 10.8523 10.8523 11.8719 
154 10.8523 10.8523 11.879 
155 10.8523 10.8523 11.9879 
156 10.8523 10.8523 12.1233 
157 10.8523 10.8523 11.9638 
158 10.8523 10.8523 11.9903 
159 10.8523 10.8523 11.98 
160 10.8523 10.8523 12.1135 
161 10.8523 10.8523 12.0574 
162 10.8523 10.8523 11.9586 
163 10.8523 10.8523 12.0577 
164 10.8523 10.8523 11.9716 
165 10.8523 10.8523 11.9835 
166 10.8523 10.8523 12.1037 
167 10.8523 10.8523 12.0783 
168 10.8523 10.8523 12.2409 
169 10.8523 10.8523 12.1156 
170 10.8523 10.8523 12.0693 
171 10.8523 10.8523 11.9925 
172 10.8523 10.8523 11.978 
173 10.8523 10.8523 12.0251 
174 10.8523 10.8523 12.0263 
175 10.8523 10.8523 12.0365 
176 10.8523 10.8523 12.0392 
177 10.8523 10.8523 12.1524 
178 10.8523 10.8523 11.9756 
179 10.8523 10.8523 12.0465 
180 10.8523 10.8523 11.8645 
181 10.8523 10.8523 12.0739 
182 10.8523 10.8523 12.1121 
183 10.8523 10.8523 12.0898 
184 10.8523 10.8523 12.1316 
185 10.8523 10.8523 12.0921 
186 10.8523 10.8523 12.0161 
187 10.8523 10.8523 12.0403 
188 10.8523 10.8523 12.1603 
189 10.8523 10.8523 12.0563 
190 10.8523 10.8523 12.0605 
191 10.8523 10.8523 12.1278 
192 10.8523 10.8523 12.1052 
193 10.8523 10.8523 12.2105 
194 10.8523 10.8523 12.1388 
195 10.8523 10.8523 12.1741 
196 10.8523 10.8523 12.0102 
197 10.8523 10.8523 11.9364 
198 10.8523 10.8523 12.0604 
199 10.8523 10.8523 12.14 
200 10.8523 10.8523 12.0712 
201 10.8523 10.8523 11.9983 
202 10.8523 10.8523 11.9761 
203 10.8523 10.8523 12.0709 
204 10.8523 10.8523 12.1107 
205 10.8523 10.8523 12.0162 
206 10.8523 10.8523 12.1861 
207 10.8523 10.8523 12.024 
208 10.8523 10.8523 12.0561 
209 10.8523 10.8523 12.0752 
210 10.8523 10.8523 12.1516 
211 10.8523 10.8523 12.0764 
212 10.8523 10.8523 12.1307 
213 10.8523 10.8523 12.0738 
214 10.8523 10.8523 12.1634 
215 10.8523 10.8523 12.0755 
216 10.8523 10.8523 12.1312 
217 10.8523 10.8523 12.022 
218 10.8523 10.8523 11.9427 
219 10.8523 10.8523 11.9969 
220 10.8523 10.8523 12.0594 
221 10.8523 10.8523 12.153 
222 10.8523 10.8523 12.1052 
223 10.8523 10.8523 12.1546 
224 10.8523 10.8523 12.054 
225 10.8523 10.8523 12.1407 
226 10.8523 10.8523 12.236 
227 10.8523 10.8523 12.173 
228 10.8523 10.8523 12.3208 
229 10.8523 10.8523 12.1246 
230 10.8523 10.8523 12.0242 
231 10.8523 10.8523 11.9977 
232 10.8523 10.8523 11.9713 
233 10.8523 10.8523 12.0276 
234 10.8523 10.8523 12.0816 
235 10.8523 10.8523 12.0535 
236 10.8523 10.8523 12.0718 
237 10.8523 10.8523 11.943 
238 10.8523 10.8523 12.0162 
239 10.8523 10.8523 12.1991 
240 10.8523 10.8523 12.1134 
241 10.8523 10.8523 12.1104 
242 10.8523 10.8523 12.1904 
243 10.8523 10.8523 11.9922 
244 10.8523 10.8523 12.0884 
245 10.8523 10.8523 12.0565 
246 10.8523 10.8523 12.0689 
247 10.8523 10.8523 12.0364 
248 10.8523 10.8523 11.9497 
249 10.8523 10.8523 12.0636 
250 10.8523 10.8523 11.9667 
251 10.8523 10.8523 11.9453 
252 10.8523 10.8523 12.0777 
253 10.8523 10.8523 12.0496 
254 10.8523 10.8523 12.038 
255 10.8523 10.8523 11.9329 
256 10.8523 10.8523 12.0485 
257 10.8523 10.8523 12.0042 
258 10.8523 10.8523 12.0423 
259 10.8523 10.8523 12.0547 
260 10.8523 10.8523 12.2644 
261 10.8523 10.8523 12.0597 
262 10.8523 10.8523 11.9709 
263 10.8523 10.8523 12.1543 
264 10.8523 10.8523 12.0755 
265 10.8523 10.8523 11.9243 
266 10.8523 10.8523 11.9883 
267 10.8523 10.8523 11.9743 
268 10.8523 10.8523 12.0696 
269 10.8523 10.8523 12.1309 
270 10.8523 10.8523 12.0379 
271 10.8523 10.8523 12.043 
272 10.8523 10.8523 12.079 
273 10.8523 10.8523 12.0705 
274 10.8523 10.8523 12.0002 
275 10.8523 10.8523 11.9456 
276 10.8523 10.8523 11.985 
277 10.8523 10.8523 12.0943 
278 10.8523 10.8523 12.0128 
279 10.8523 10.8523 12.1183 
280 10.8523 10.8523 12.0446 
281 10.8523 10.8523 12.0707 
282 10.8523 10.8523 12.131 
283 10.8523 10.8523 12.1689 
284 10.8523 10.8523 11.9989 
285 10.8523 10.8523 11.9539 
286 10.8523 10.8523 11.9708 
287 10.8523 10.8523 12.0593 
288 10.8523 10.8523 12.0895 
289 10.8523 10.8523 12.0519 
290 10.8523 10.8523 12.0524 
291 10.8523 10.8523 11.9761 
292 10.8523 10.8523 11.9358 
293 10.8523 10.8523 11.9829 
294 10.8523 10.8523 12.074 
295 10.8523 10.8523 11.8786 
296 10.8523 10.8523 12.057 
297 10.8523 10.8523 12.0192 
298 10.8523 10.8523 12.0439 
299 10.8523 10.8523 12.0346 
300 10.8523 10.8523 12.0109 
301 10.8523 10.8523 12.0749 
302 10.8523 10.8523 12.0094 
303 10.8523 10.8523 11.8815 
304 10.8523 10.8523 11.9456 
305 10.8523 10.8523 11.9176 
306 10.8523 10.8523 12.0939 
307 10.8523 10.8523 12.1198 
308 10.8523 10.8523 11.9642 
309 10.8523 10.8523 12.1238 
310 10.8523 10.8523 12.0027 
311 10.8523 10.8523 12.0016 
312 10.8523 10.8523 12.0185 
313 10.8523 10.8523 11.9867 
314 10.8523 10.8523 12.0135 
315 10.8523 10.8523 12.1034 
316 10.8523 10.8523 12.1275 
317 10.8523 10.8523 12.1782 
318 10.8523 10.8523 12.2251 
319 10.8523 10.8523 12.0883 
320 10.8523 10.8523 12.1569 
321 10.8523 10.8523 12.2411 
322 10.8523 10.8523 12.1771 
323 10.8523 10.8523 12.1278 
324 10.8523 10.8523 12.0786 
325 10.8523 10.8523 12.1844 
326 10.8523 10.8523 11.9939 
327 10.8523 10.8523 12.0319 
328 10.8523 10.8523 12.077 
329 10.8523 10.8523 12.0338 
330 10.8523 10.8523 12.1598 
331 10.8523 10.8523 12.0827 
332 10.8523 10.8523 11.9629 
333 10.8523 10.8523 12.0432 
334 10.8523 10.8523 12.0129 
335 10.8523 10.8523 11.9476 
336 10.8523 10.8523 12.1068 
337 10.8523 10.8523 12.194 
338 10.8523 10.8523 12.1004 
339 10.8523 10.8523 11.9743 
340 10.8523 10.8523 12.2038 
341 10.8523 10.8523 12.0367 
342 10.8523 10.8523 12.0531 
343 10.8523 10.8523 12.0849 
344 10.8523 10.8523 12.0722 
345 10.8523 10.8523 12.0248 
346 10.8523 10.8523 12.1518 
347 10.8523 10.8523 12.0803 
348 10.8523 10.8523 12.2207 
349 10.8523 10.8523 12.2576 
350 10.8523 10.8523 12.2923 
351 10.8523 10.8523 12.1477 
352 10.8523 10.8523 12.1519 
353 10.8523 10.8523 12.1421 
354 10.8523 10.8523 12.1439 
355 10.8523 10.8523 11.9515 
356 10.8523 10.8523 12.0344 
357 10.8523 10.8523 11.9618 
358 10.8523 10.8523 11.9363 
359 10.8523 10.8523 12.1581 
360 10.8523 10.8523 12.0637 
361 10.8523 10.8523 12.0656 
362 10.8523 10.8523 12.1383 
363 10.8523 10.8523 12.0074 
364 10.8523 10.8523 12.0807 
365 10.8523 10.8523 12.0778 
366 10.8523 10.8523 12.0465 
367 10.8523 10.8523 12.0781 
368 10.8523 10.8523 11.9318 
369 10.8523 10.8523 12.0206 
370 10.8523 10.8523 11.9871 
371 10.8523 10.8523 12.0459 
372 10.8523 10.8523 12.0411 
373 10.8523 10.8523 11.8497 
374 10.8523 10.8523 11.9544 
375 10.8523 10.8523 11.9529 
376 10.8523 10.8523 12.0263 
377 10.8523 10.8523 11.9713 
378 10.8523 10.8523 11.8987 
379 10.8523 10.8523 11.9236 
380 10.8523 10.8523 11.9021 
381 10.8523 10.8523 12.0607 
382 10.8523 10.8523 12.132 
383 10.8523 10.8523 12.0911 
384 10.8523 10.8523 12.0525 
385 10.8523 10.8523 12.0471 
386 10.8523 10.8523 12.0079 
387 10.8523 10.8523 12.09 
388 10.8523 10.8523 11.9341 
389 10.8523 10.8523 12.1016 
390 10.8523 10.8523 12.0999 
391 10.8523 10.8523 12.0426 
392 10.8523 10.8523 11.9874 
393 10.8523 10.8523 11.9694 
394 10.8523 10.8523 11.9973 
395 10.8523 10.8523 11.9995 
396 10.8523 10.8523 12.0386 
397 10.8523 10.8523 12.1721 
398 10.8523 10.8523 11.9599 
399 10.8523 10.8523 12.0492 
400 10.8523 10.8523 11.9485 
401 10.8523 10.8523 12.0166 
402 10.8523 10.8523 12.1536 
403 10.8523 10.8523 12.0684 
404 10.8523 10.8523 11.9835 
405 10.8523 10.8523 12.1012 
406 10.8523 10.8523 11.9782 
407 10.8523 10.8523 12.0252 
408 10.8523 10.8523 12.0251 
409 10.8523 10.8523 12.0306 
410 10.8523 10.8523 12.0164 
411 10.8523 10.8523 12.0766 
412 10.8523 10.8523 12.04 
413 10.8523 10.8523 12.0528 
414 10.8523 10.8523 12.0621 
415 10.8523 10.8523 12.0217 
416 10.8523 10.8523 12.167 
417 10.8523 10.8523 12.1201 
418 10.8523 10.8523 12.0501 
419 10.8523 10.8523 11.9783 
420 10.8523 10.8523 11.9422 
421 10.8523 10.8523 12.0349 
422 10.8523 10.8523 11.8381 
423 10.8523 10.8523 12.0159 
424 10.8523 10.8523 12.3439 
425 10.8523 10.8523 12.2165 
426 10.8523 10.8523 12.1462 
427 10.8523 10.8523 12.0006 
428 10.8523 10.8523 12.0665 
429 10.8523 10.8523 11.9941 
430 10.8523 10.8523 12.1001 
431 10.8523 10.8523 12.1288 
432 10.8523 10.8523 12.0333 
433 10.8523 10.8523 11.9781 
434 10.8523 10.8523 11.9217 
435 10.8523 10.8523 12.031 
436 10.8523 10.8523 12.0874 
437 10.8523 10.8523 12.0687 
438 10.8523 10.8523 12.0257 
439 10.8523 10.8523 12.1633 
440 10.8523 10.8523 12.1005 
441 10.8523 10.8523 12.1109 
442 10.8523 10.8523 12.0656 
443 10.8523 10.8523 12.0341 
444 10.8523 10.8523 11.9936 
445 10.8523 10.8523 12.0639 
446 10.8523 10.8523 12.0349 
447 10.8523 10.8523 12.1214 
448 10.8523 10.8523 12.2021 
449 10.8523 10.8523 12.1434 
450 10.8523 10.8523 12.012 
451 10.8523 10.8523 12.1852 
452 10.8523 10.8523 12.1327 
453 10.8523 10.8523 12.2418 
454 10.8523 10.8523 12.0949 
455 10.8523 10.8523 12.0895 
456 10.8523 10.8523 12.1106 
457 10.8523 10.8523 12.2791 
458 10.8523 10.8523 12.0785 
459 10.8523 10.8523 12.2139 
460 10.8523 10.8523 12.0175 
461 10.8523 10.8523 12.0543 
462 10.8523 10.8523 12.1055 
463 10.8523 10.8523 11.9794 
464 10.8523 10.8523 11.9539 
465 10.8523 10.8523 12.1115 
466 10.8523 10.8523 12.0611 
467 10.8523 10.8523 11.926 
468 10.8523 10.8523 12.1145 
469 10.8523 10.8523 12.1393 
470 10.8523 10.8523 12.2241 
471 10.8523 10.8523 12.151 
472 10.8523 10.8523 12.0646 
473 10.8523 10.8523 12.0226 
474 10.8523 10.8523 12.0703 
475 10.8523 10.8523 12.0787 
476 10.8523 10.8523 12.0089 
477 10.8523 10.8523 12.0883 
478 10.8523 10.8523 12.1948 
479 10.8523 10.8523 12.1546 
480 10.8523 10.8523 12.0567 
481 10.8523 10.8523 11.9371 
482 10.8523 10.8523 12.0125 
483 10.8523 10.8523 12.0109 
484 10.8523 10.8523 11.9811 
485 10.8523 10.8523 11.9931 
486 10.8523 10.8523 11.953 
487 10.8523 10.8523 12.0152 
488 10.8523 10.8523 12.1123 
489 10.8523 10.8523 12.0839 
490 10.8523 10.8523 12.055 
491 10.8523 10.8523 12.0146 
492 10.8523 10.8523 12.0558 
493 10.8523 10.8523 12.0431 
494 10.8523 10.8523 12.013 
495 10.8523 10.8523 12.0202 
496 10.8523 10.8523 12.0036 
497 10.8523 10.8523 12.0051 
498 10.8523 10.8523 11.9954 
499 10.8523 10.8523 12.0378 
